  0.69999999999999996     
  0.69999999999999996     
  0.70016094892539149     
  0.70019736438084768     
  0.70014623431744227     
  0.70002204949444158     
  0.69983957690824639     
  0.69961397674292658     
  0.69935977328743570     
  0.69909030751050327     
  0.69881765283530584     
  0.69855280262578034     
  0.69830560578592138     
  0.69808417371111442     
  0.69789392107147774     
  0.69773663393152852     
  0.69760991390743954     
  0.69750716685294134     
  0.69741811606711002     
  0.69732969901166653     
  0.69722717773640008     
  0.69709536035753139     
  0.69691990778812474     
  0.69668841844935325     
  0.69639126355561598     
  0.69602235164448589     
  0.69557969294032262     
  0.69506566562242633     
  0.69448693829611985     
  0.69385404201819301     
  0.69318063175446953     
  0.69248253619097411     
  0.69177675053502274     
  0.69108053524087465     
  0.69041077072853829     
  0.68978369457512545     
  0.68921504107621612     
  0.68872049633132670     
  0.68831623444675338     
  0.68801923941255172     
  0.68784720369916719     
  0.68781798355637558     
  0.68794875632445640     
  0.68825512790305410     
  0.68875038199310989     
  0.68944470478608622     
  0.69034531088665596     
  0.69144160036457558     
  0.69270514115106563     
  0.69406929869223388     
  0.69544644958978608     
  0.69674871980865194     
  0.69790531452737892     
  0.69887296956205269     
  0.69963799537608662     
  0.70021049945060376     
  0.70061442294783327     
  0.70087773582301660     
  0.70102633320383612     
  0.70108105855224467     
  0.70106764001287969     
  0.70100958570885585     
  0.70112569431690352     
  0.70089347710080818     
  0.69999999999999996     
  0.69999999999999996     
  0.70016094892539149     
  0.70019736438084768     
  0.70014623431744227     
  0.70002204949444158     
  0.69983957690824639     
  0.69961397674292658     
  0.69935977328743570     
  0.69909030751050327     
  0.69881765283530584     
  0.69855280262578034     
  0.69830560578592138     
  0.69808417371111442     
  0.69789392107147774     
  0.69773663393152852     
  0.69760991390743954     
  0.69750716685294134     
  0.69741811606711002     
  0.69732969901166653     
  0.69722717773640008     
  0.69709536035753139     
  0.69691990778812474     
  0.69668841844935325     
  0.69639126355561598     
  0.69602235164448589     
  0.69557969294032262     
  0.69506566562242633     
  0.69448693829611985     
  0.69385404201819301     
  0.69318063175446953     
  0.69248253619097411     
  0.69177675053502274     
  0.69108053524087465     
  0.69041077072853829     
  0.68978369457512545     
  0.68921504107621612     
  0.68872049633132670     
  0.68831623444675338     
  0.68801923941255172     
  0.68784720369916719     
  0.68781798355637558     
  0.68794875632445640     
  0.68825512790305410     
  0.68875038199310989     
  0.68944470478608622     
  0.69034531088665596     
  0.69144160036457558     
  0.69270514115106563     
  0.69406929869223388     
  0.69544644958978608     
  0.69674871980865194     
  0.69790531452737892     
  0.69887296956205269     
  0.69963799537608662     
  0.70021049945060376     
  0.70061442294783327     
  0.70087773582301660     
  0.70102633320383612     
  0.70108105855224467     
  0.70106764001287969     
  0.70100958570885585     
  0.70112569431690352     
  0.70089347710080818     
  0.69999999999999996     
  0.69999999999999996     
  0.70043287586577008     
  0.70092862438232761     
  0.70146935146697298     
  0.70204902813252068     
  0.70266189346397989     
  0.70330177380990544     
  0.70396201112594858     
  0.70463591439537332     
  0.70531779964395469     
  0.70600393103342229     
  0.70669273947573041     
  0.70738413551577151     
  0.70807823089436850     
  0.70877402026591740     
  0.70946847605335628     
  0.71015624895183871     
  0.71082992409093393     
  0.71148064588013782     
  0.71209890216187555     
  0.71267529010360187     
  0.71320114731116502     
  0.71366916469429376     
  0.71407389661462439     
  0.71441204228792987     
  0.71468253319440112     
  0.71488643405340513     
  0.71502665467623272     
  0.71510748469712948     
  0.71513398351050395     
  0.71511128788390688     
  0.71504392822206742     
  0.71493524312696977     
  0.71478695565820871     
  0.71459893435545718     
  0.71436912623069282     
  0.71409368532322337     
  0.71376732131697529     
  0.71338388987981571     
  0.71293716981718847     
  0.71242169923039089     
  0.71183347034561240     
  0.71117026889768686     
  0.71043158413425167     
  0.70961830470313236     
  0.70873190111921169     
  0.70778132758476264     
  0.70678270172222024     
  0.70576966884230974     
  0.70478496962266435     
  0.70387047333465214     
  0.70305903277250792     
  0.70236977947609736     
  0.70180751429005794     
  0.70136581473258208     
  0.70103206321568923     
  0.70079225427465563     
  0.70063386631315128     
  0.70054714647539629     
  0.70051985906705738     
  0.70054069038947975     
  0.70049902774463502     
  0.70058235303432448     
  0.69999999999999996     
  0.69999999999999996     
  0.70066961372807379     
  0.70163012097721011     
  0.70280356623180940     
  0.70415489433215517     
  0.70565863588306077     
  0.70728738346619191     
  0.70901146146651628     
  0.71080103210053835     
  0.71262881607176898     
  0.71447227162983840     
  0.71631449105276190     
  0.71814370687874152     
  0.71995187981139186     
  0.72173308726853969     
  0.72348228960682226     
  0.72519471527727863     
  0.72686580321091510     
  0.72849148081757498     
  0.73006853676295014     
  0.73159482867923642     
  0.73306908562808215     
  0.73449092537423655     
  0.73586100965980505     
  0.73718078838250167     
  0.73845204396784803     
  0.73967635898543627     
  0.74085454360726577     
  0.74198604948340596     
  0.74306839199176744     
  0.74409660768266750     
  0.74506277733537862     
  0.74595563072542559     
  0.74676020313316305     
  0.74745745147066800     
  0.74802375921359809     
  0.74843042745622479     
  0.74864342937358264     
  0.74862379969672255     
  0.74832888155548272     
  0.74771444305490653     
  0.74673742028605827     
  0.74535873814428522     
  0.74354549849098506     
  0.74127250470677519     
  0.73852521893995582     
  0.73531071442367013     
  0.73167407195502965     
  0.72772122154744201     
  0.72362319970818012     
  0.71959300792580005     
  0.71583995092678343     
  0.71252208150183638     
  0.70972019037384348     
  0.70744270269904819     
  0.70565199358248987     
  0.70429454830284977     
  0.70331989100363790     
  0.70269051695579043     
  0.70236593170794726     
  0.70232878516406461     
  0.70240307825182990     
  0.70225449207629931     
  0.69999999999999996     
  0.69999999999999996     
  0.70090819957761463     
  0.70233149924763727     
  0.70413788795736587     
  0.70626818521029400     
  0.70867931028509223     
  0.71132386914949686     
  0.71414966789270640     
  0.71710331942529493     
  0.72013469922965501     
  0.72320061596255880     
  0.72626672624559385     
  0.72930755709341333     
  0.73230520144872124     
  0.73524753629793160     
  0.73812667013618971     
  0.74093795007808305     
  0.74367949600066963     
  0.74635203313561660     
  0.74895876769062664     
  0.75150496701425640     
  0.75399687504444257     
  0.75644111172508166     
  0.75884448909549773     
  0.76121324343000984     
  0.76355208333213964     
  0.76586329564851940     
  0.76814598152793723     
  0.77039545570213908     
  0.77260280395589431     
  0.77475456846377655     
  0.77683251412187415     
  0.77881340592664339     
  0.78066865994773982     
  0.78236365224913562     
  0.78385653856743576     
  0.78509671436328388     
  0.78602343410987718     
  0.78656532066291063     
  0.78664138073476941     
  0.78616389813597887     
  0.78504329997481070     
  0.78319464988012033     
  0.78054479910534114     
  0.77703887441478403     
  0.77264682656705863     
  0.76737460530028057     
  0.76128530425992769     
  0.75452992531593566     
  0.74736890822606106     
  0.74015661866623950     
  0.73327771607264436     
  0.72705895158159417     
  0.72170207068012804     
  0.71727067544029777     
  0.71372732588525178     
  0.71099002279366552     
  0.70897489595391583     
  0.70761828865995402     
  0.70686630182451560     
  0.70669971343077953     
  0.70703289021825166     
  0.70636653664330740     
  0.69999999999999996     
  0.69999999999999996     
  0.70113515816068595     
  0.70300631611586240     
  0.70543229795076257     
  0.70833518321297251     
  0.71165884886503972     
  0.71533943177607617     
  0.71930436181963708     
  0.72347721154315747     
  0.72778389414461930     
  0.73215812539982150     
  0.73654488037002563     
  0.74090152552481325     
  0.74519713050836511     
  0.74941083741438108     
  0.75353009411232108     
  0.75754921358116878     
  0.76146833420053295     
  0.76529261745700650     
  0.76903145972900289     
  0.77269731503590333     
  0.77630362066572145     
  0.77986355173074529     
  0.78338952504400416     
  0.78689194650809124     
  0.79037780799253299     
  0.79384950770327023     
  0.79730400836207083     
  0.80073237270447328     
  0.80411963046923107     
  0.80744485588149950     
  0.81068128143955587     
  0.81379623774672005     
  0.81675062936558041     
  0.81949758033392883     
  0.82198001336507021     
  0.82412733784728676     
  0.82585207382404968     
  0.82704764984841295     
  0.82758863278136885     
  0.82733440821492499     
  0.82613702091995767     
  0.82385328290505822     
  0.82036027350967355     
  0.81557118551087304     
  0.80945069498200428     
  0.80202694881834380     
  0.79340566645194421     
  0.78379421749674849     
  0.77352853930789811     
  0.76307267689108804     
  0.75296055229971548     
  0.74368680804667631     
  0.73559901729701116     
  0.72885027203156771     
  0.72342927843678173     
  0.71923545192460359     
  0.71614781118728632     
  0.71406554235367015     
  0.71290473030342416     
  0.71263068754759873     
  0.71317877305924959     
  0.71208260203594786     
  0.69999999999999996     
  0.69999999999999996     
  0.70133579693888737     
  0.70361776312695778     
  0.70662463846793866     
  0.71026836038806440     
  0.71448751029281210     
  0.71920824095889735     
  0.72434216912070903     
  0.72979191094403428     
  0.73545886550389183     
  0.74125076342380591     
  0.74708734695364953     
  0.75290349242698218     
  0.75864997704147996     
  0.76429261777088719     
  0.76981060542467383     
  0.77519464551137296     
  0.78044517832805371     
  0.78557068339104430     
  0.79058595751657268     
  0.79550993869513742     
  0.80036243679747676     
  0.80516216333683421     
  0.80992594269109297     
  0.81466702570321370     
  0.81939334514574891     
  0.82410623420393192     
  0.82879976662127663     
  0.83346075217905391     
  0.83806925942607502     
  0.84259937696266896     
  0.84701980150464673     
  0.85129377735962297     
  0.85537785562835433     
  0.85921893851513598     
  0.86274935763766791     
  0.86588039828158059     
  0.86849565014659957     
  0.87044624090389000     
  0.87155010239594977     
  0.87159713862036770     
  0.87036152962706759     
  0.86762202662975618     
  0.86318867857776094     
  0.85693257811470658     
  0.84881794650677489     
  0.83891713974729376     
  0.82741765301612724     
  0.81462726913324157     
  0.80098499136076762     
  0.78706253637594781     
  0.77352025254281387     
  0.76100050905197303     
  0.74999683256693905     
  0.74077127267780329     
  0.73336307911798482     
  0.72766825625237819     
  0.72352772184317182     
  0.72078770053392693     
  0.71929760570872947     
  0.71896616516808654     
  0.71962904624937241     
  0.71830328408680066     
  0.69999999999999996     
  0.69999999999999996     
  0.70148981585309778     
  0.70411211979537225     
  0.70762008557615053     
  0.71192860488186316     
  0.71698307958305874     
  0.72271056151324697     
  0.72901546898954739     
  0.73578474290020601     
  0.74289664463067095     
  0.75023050446501127     
  0.75767535935441477     
  0.76513621145907185     
  0.77253748951024570     
  0.77982400945416031     
  0.78696009945461132     
  0.79392760555979691     
  0.80072331612219161     
  0.80735610117860257     
  0.81384389330638118     
  0.82021014455222918     
  0.82647903895521213     
  0.83267267135680634     
  0.83881001554958634     
  0.84490495251405973     
  0.85096446196903097     
  0.85698763489400898     
  0.86296566164536548     
  0.86888273625304568     
  0.87471753504939564     
  0.88044466681122802     
  0.88603532100428439     
  0.89145631062779629     
  0.89666680585779202     
  0.90161227518334253     
  0.90621570713675881     
  0.91036716764127124     
  0.91391390516181559     
  0.91665389649219531     
  0.91833550487153748     
  0.91866542883580971     
  0.91732611774805672     
  0.91400533855057375     
  0.90843240402571013     
  0.90043114899197829     
  0.88995984549574547     
  0.87714415099342591     
  0.86228527933697896     
  0.84584464605287768     
  0.82842000834048091     
  0.81072226934844971     
  0.79353282503107936     
  0.77761221829647986     
  0.76357255194488616     
  0.75177764518063239     
  0.74232920494349786     
  0.73513683404025376     
  0.73000968206571026     
  0.72672806200680740     
  0.72502947902737547     
  0.72470799795566732     
  0.72535096009908362     
  0.72406503581225101     
  0.69999999999999996     
  0.69999999999999996     
  0.70156968540562292     
  0.70441487186470564     
  0.70828383291196295     
  0.71311261153884775     
  0.71887090281636912     
  0.72550357409489319     
  0.73292269944544564     
  0.74101050380533873     
  0.74962781688447444     
  0.75862557330219338     
  0.76785690692635622     
  0.77718780432360601     
  0.78650491042486781     
  0.79571995019856423     
  0.80477096127275638     
  0.81362096797128425     
  0.82225488583088202     
  0.83067537863403718     
  0.83889818729187293     
  0.84694677547183594     
  0.85484562978939649     
  0.86261650766405751     
  0.87027735130245454     
  0.87784033644316450     
  0.88531037045925698     
  0.89268469346736268     
  0.89995354766782776     
  0.90710159814676894     
  0.91410948316603580     
  0.92095469018362786     
  0.92761093310219600     
  0.93404534101527359     
  0.94021302548418972     
  0.94604889560379868     
  0.95145723671741300     
  0.95630059563332548     
  0.96039043555635972     
  0.96348207553318010     
  0.96527548388998463     
  0.96542273469105644     
  0.96354436607644223     
  0.95925741636543238     
  0.95222186000648978     
  0.94220107908943440     
  0.92911843212054357     
  0.91312348091300888     
  0.89462222699765725     
  0.87425332600003802     
  0.85282242351583482     
  0.83122680353991152     
  0.81038433860419079     
  0.79114975926249531     
  0.77421056297776281     
  0.75999926783696881     
  0.74867211844197101     
  0.74016244357366601     
  0.73425609924976420     
  0.73065589920854379     
  0.72894006886556584     
  0.72872315987394620     
  0.72915697785718547     
  0.72828934189070693     
  0.69999999999999996     
  0.69999999999999996     
  0.70154134722885042     
  0.70443191001494787     
  0.70844156623149168     
  0.71355026502029406     
  0.71977493059851561     
  0.72710238175494979     
  0.73547584907791508     
  0.74479293462474394     
  0.75491113367517793     
  0.76565939843006192     
  0.77685324517608301     
  0.78831061424757198     
  0.79986580998960266     
  0.81137966210784662     
  0.82274510103458454     
  0.83388822582119460     
  0.84476586052313585     
  0.85536081452896406     
  0.86567567385176636     
  0.87572547946940382     
  0.88552884509081564     
  0.89510304880506342     
  0.90446243979418561     
  0.91361555531610839     
  0.92256248892751436     
  0.93129323850074108     
  0.93978702597653696     
  0.94801242721789580     
  0.95592805786218626     
  0.96348357476697954     
  0.97062072187325354     
  0.97727399129639181     
  0.98337020841825129     
  0.98882617483379120     
  0.99354407684696233     
  0.99740539959152841     
   1.0002645764850884     
   1.0019425284910799     
   1.0022184923067492     
   1.0008193179911751     
  0.99741150097002873     
  0.99160368606717686     
  0.98299380511137602     
  0.97120907317856797     
  0.95603428298355186     
  0.93752902188219833     
  0.91610392813874308     
  0.89251368463269920     
  0.86776089755943508     
  0.84295332213548191     
  0.81916949983141862     
  0.79735454210247836     
  0.77823994755946968     
  0.76229147503738837     
  0.74970193668600738     
  0.74042760385843520     
  0.73423066082571453     
  0.73071542640328557     
  0.72926447161652841     
  0.72925964106877206     
  0.72926930216428476     
  0.72924997997325935     
  0.69999999999999996     
  0.69999999999999996     
  0.70136712235643284     
  0.70405703605523495     
  0.70789133567107221     
  0.71291861307075632     
  0.71922951661877021     
  0.72688363121553867     
  0.73588900369981003     
  0.74619176791331765     
  0.75767472717608775     
  0.77016517560168118     
  0.78345029853157433     
  0.79729712771716710     
  0.81147334902420143     
  0.82576549056204385     
  0.83999183917266751     
  0.85400946072672124     
  0.86771667800232799     
  0.88105055392445064     
  0.89398051639062848     
  0.90649950241051047     
  0.91861057317689132     
  0.93031602023490301     
  0.94160922672759428     
  0.95246513336113325     
  0.96283271538006765     
  0.97263149128217752     
  0.98175275884070679     
  0.99006561119235303     
  0.99742742114264304     
   1.0036979411581406     
   1.0087554587827774     
   1.0125126520502854     
   1.0149291322481042     
   1.0160178451357802     
   1.0158440552420593     
   1.0145170674631783     
   1.0121741813647998     
   1.0089533916439311     
   1.0049497813359975     
   1.0001562133144795     
  0.99439789205742479     
  0.98729410679738039     
  0.97825961016484508     
  0.96662265189461671     
  0.95180920929377111     
  0.93355096042363339     
  0.91204546472224279     
  0.88799441264026502     
  0.86249444005969234     
  0.83682665319470118     
  0.81223605715303926     
  0.78977373160697217     
  0.77022029566151906     
  0.75407037761538975     
  0.74154728905916456     
  0.73261853342531769     
  0.72699786690411727     
  0.72414958246330241     
  0.72326940404041196     
  0.72351809495147390     
  0.72302071312935001     
  0.72401547677359779     
  0.69999999999999996     
  0.69999999999999996     
  0.70101154782354913     
  0.70318823301332523     
  0.70643244715942399     
  0.71088296543589813     
  0.71672905801903652     
  0.72413646085291339     
  0.73322021801584203     
  0.74402349003996382     
  0.75650454147161139     
  0.77053459604987429     
  0.78590693772220366     
  0.80235533202104992     
  0.81957839888537731     
  0.83726540670048122     
  0.85511906048516662     
  0.87287868601331620     
  0.89033539585041188     
  0.90732750365444992     
  0.92374141491754824     
  0.93949687240157442     
  0.95451177105163476     
  0.96867145765929563     
  0.98181154956786487     
  0.99371087842616312     
   1.0040982041000384     
   1.0126721302055084     
   1.0191303040332071     
   1.0232036300718255     
   1.0246912508008161     
   1.0234922604110617     
   1.0196310869517793     
   1.0132738091870546     
   1.0047328718434301     
  0.99445896345979445     
  0.98302045773531721     
  0.97107030808865835     
  0.95929624622323983     
  0.94834643969036303     
  0.93872752201610310     
  0.93068251709212668     
  0.92408198247936435     
  0.91834712144646824     
  0.91248190344523195     
  0.90528697705291616     
  0.89560308265570843     
  0.88261239597477137     
  0.86609002647328559     
  0.84649874798675628     
  0.82487932972336364     
  0.80258518963167447     
  0.78098033595717897     
  0.76121787568773680     
  0.74414677663854334     
  0.73030996036794482     
  0.71995766561531727     
  0.71302510415440534     
  0.70910861004177184     
  0.70748595848138529     
  0.70728212993043038     
  0.70761721367946429     
  0.70694704618139648     
  0.70828738117753209     
  0.69999999999999996     
  0.69999999999999996     
  0.70045031207385078     
  0.70175304887472767     
  0.70391297163670263     
  0.70716997366249212     
  0.71182650569399919     
  0.71818112499561781     
  0.72649860084327367     
  0.73697896349604763     
  0.74973040020971071     
  0.76475065989907287     
  0.78191950234862373     
  0.80100287511089530     
  0.82166860643181172     
  0.84351078178247252     
  0.86608774759973084     
  0.88898347818304824     
  0.91178420118424275     
  0.93402170205216828     
  0.95525004595889884     
  0.97498882366189787     
  0.99268171988437903     
   1.0077190874872310     
   1.0194850061675997     
   1.0274029534552143     
   1.0309861287961557     
   1.0298919555489139     
   1.0239663773704106     
   1.0132755362708252     
  0.99811537923036631     
  0.97900387567610281     
  0.95666343217749317     
  0.93199588295882152     
  0.90604929115167787     
  0.87997537492093625     
  0.85497518585384036     
  0.83222756554740696     
  0.81279276354498387     
  0.79749020513118218     
  0.78676593531434169     
  0.78058129134184551     
  0.77836120802697872     
  0.77902250165836073     
  0.78107064147542227     
  0.78281026112894436     
  0.78262800369101371     
  0.77931848727189368     
  0.77234442940087966     
  0.76193275800860727     
  0.74896428684599115     
  0.73470023685113162     
  0.72046178621960522     
  0.70738943525204157     
  0.69633644672538031     
  0.68784350287848872     
  0.68210288317168200     
  0.67889151123557290     
  0.67758548597661183     
  0.67730856093412817     
  0.67739787599285073     
  0.67737207493113472     
  0.67742367705456674     
  0.67732047280770269     
  0.69999999999999996     
  0.69999999999999996     
  0.69968032883627773     
  0.69973758275201292     
  0.70028655608369528     
  0.70166124165269661     
  0.70427125884155295     
  0.70855404676126887     
  0.71495062793542341     
  0.72387226674933469     
  0.73566423456913910     
  0.75057067923772380     
  0.76870253086681928     
  0.79000982654609753     
  0.81426643857739267     
  0.84107230072950279     
  0.86992708205384295     
  0.90019865568031254     
  0.93078675756301443     
  0.96013176406928102     
  0.98622170066617953     
   1.0069205520619087     
   1.0205801269195032     
   1.0262474899158809     
   1.0235650328171850     
   1.0126029328365007     
  0.99375278491254915     
  0.96772703397640303     
  0.93558047455663518     
  0.89865480927709651     
  0.85845816517970019     
  0.81656612971110754     
  0.77455972905360726     
  0.73398260653551906     
  0.69629843024203208     
  0.66283514899466212     
  0.63470981051300313     
  0.61273774943625936     
  0.59734310199837859     
  0.58849824939287287     
  0.58571737229192244     
  0.58811351955932045     
  0.59449983305669507     
  0.60353877252984045     
  0.61381618149047434     
  0.62387627156278014     
  0.63241852643250906     
  0.63849033335340555     
  0.64163782865296870     
  0.64196513367017005     
  0.64006437487171808     
  0.63682829524853068     
  0.63321889372218843     
  0.63008309673724128     
  0.62804470644201027     
  0.62741857945381618     
  0.62810762124610486     
  0.62955503155075387     
  0.63090670237161939     
  0.63137209711153064     
  0.63090452878669956     
  0.63001260637492074     
  0.63179645119847838     
  0.62822876155136309     
  0.69999999999999996     
  0.69999999999999996     
  0.69872689571003543     
  0.69720775760833509     
  0.69565759718296749     
  0.69447635717660972     
  0.69414755929599314     
  0.69521947961848662     
  0.69829702393628368     
  0.70401953574766840     
  0.71303183809756443     
  0.72594861668110378     
  0.74330822438011390     
  0.76550881868067999     
  0.79275453257458961     
  0.82498406902533017     
  0.86183727020991563     
  0.90112818186253041     
  0.93961421436937953     
  0.97416582211882008     
  0.99551818017233040     
  0.99874986523365039     
  0.98446486916567699     
  0.95579241984487129     
  0.91622555194080169     
  0.86872896185616078     
  0.81555571891995871     
  0.75863663112594459     
  0.70058543636744863     
  0.64390374127721706     
  0.59061504817829835     
  0.54223766459390699     
  0.49986193218970509     
  0.46423072507991509     
  0.43577667838084089     
  0.41461326155910938     
  0.40051431186350978     
  0.39292557177371734     
  0.39102788972998581     
  0.39383910925865295     
  0.40032546049512119     
  0.40949855848988287     
  0.42048378787952945     
  0.43255071681596091     
  0.44514089620828429     
  0.45777199115737366     
  0.47004546350704818     
  0.48165696157242904     
  0.49242302930385640     
  0.50231282483585271     
  0.51145295827882964     
  0.52008341926600354     
  0.52847672601801521     
  0.53684642845610298     
  0.54524272960594411     
  0.55342571202136814     
  0.56078195483519877     
  0.56641808218172884     
  0.56950416879396815     
  0.56974972910260291     
  0.56800722735534193     
  0.56613048545851474     
  0.56988396925216911     
  0.56237700166486038     
  0.69999999999999996     
  0.69999999999999996     
  0.69764386519342103     
  0.69431100478668339     
  0.69029069191425396     
  0.68600374238266115     
  0.68194978606009449     
  0.67872214633007055     
  0.67702225721490694     
  0.67766125098767460     
  0.68156003720777447     
  0.68974722974044034     
  0.70334502638880636     
  0.72352868113075375     
  0.75149543099069871     
  0.78790524463875833     
  0.83122244840560455     
  0.86936119976126858     
  0.89898472310630972     
  0.92368226665210496     
  0.90430573789749302     
  0.84761294533503762     
  0.77299676745336121     
  0.69491016556777629     
  0.62081184860374206     
  0.55317819906069099     
  0.49126930191100671     
  0.43215283590882503     
  0.38039257930859033     
  0.33704509947469857     
  0.30189259314931471     
  0.27430303392396393     
  0.25364572161749993     
  0.23938920426471974     
  0.23097570185049471     
  0.22767310599584856     
  0.22853955615764537     
  0.23251752692925848     
  0.23858715061797511     
  0.24589787759011969     
  0.25384203527972843     
  0.26207855650554013     
  0.27052571745355136     
  0.27932467794119464     
  0.28880102086900594     
  0.29941060274371178     
  0.31159845735018277     
  0.32565756262406786     
  0.34163905190701493     
  0.35933748352818851     
  0.37834236660121784     
  0.39811594046900112     
  0.41805104838940943     
  0.43747611913827394     
  0.45560268961104328     
  0.47147401621609802     
  0.48403108961799168     
  0.49236507184246808     
  0.49608500634618624     
  0.49566842290758761     
  0.49276279743833351     
  0.49035845680534967     
  0.49516713807131735     
  0.48554977553938200     
  0.69999999999999996     
  0.69999999999999996     
  0.69650534325718738     
  0.69125346616402972     
  0.68457149986218346     
  0.67685029399791830     
  0.66853757178233464     
  0.66018248571845950     
  0.65246895527548177     
  0.64624033783584878     
  0.64253517321300635     
  0.64264287100418138     
  0.64818604850169503     
  0.66126070617972343     
  0.68440949639480819     
  0.71733643590606555     
  0.74954717292557160     
  0.73527047700557868     
  0.69059319025112909     
  0.65329240094495211     
  0.53843700101441272     
  0.41517322385334410     
  0.32158646709398525     
  0.26386660578152693     
  0.23239261135477784     
  0.21547936676050342     
  0.20357286058772955     
  0.17493957381893993     
  0.15358538073579725     
  0.13465864767491048     
  0.11995736089349238     
  0.11014348422533229     
  0.10514563194679750     
  0.10447433005411481     
  0.10724608898447063     
  0.11228588844599016     
  0.11835537955079238     
  0.12439973769372351     
  0.12970465618715910     
  0.13393501006092179     
  0.13710111091034521     
  0.13951257050234425     
  0.14174442212901894     
  0.14460147495695158     
  0.14907305679144486     
  0.15625859314954210     
  0.16715458063732830     
  0.18243271563032532     
  0.20225824515168328     
  0.22621507209634986     
  0.25336512107064524     
  0.28239816637250897     
  0.31179629604450437     
  0.33995852130297383     
  0.36529224601760690     
  0.38633818841628281     
  0.40198010675940909     
  0.41169542061390080     
  0.41573481468341011     
  0.41520982688407293     
  0.41212791439865026     
  0.40995531426763543     
  0.41430051452966510     
  0.40561011400560576     
  0.69999999999999996     
  0.69999999999999996     
  0.69539141508414992     
  0.68825930059250651     
  0.67892915297915857     
  0.66771857702986581     
  0.65496535955922841     
  0.64109072082856078     
  0.62663886249480405     
  0.61230698573351106     
  0.59898979223265281     
  0.58785364812437646     
  0.58048418693788673     
  0.57914367623609841     
  0.58540194466238593     
  0.58689808316302727     
  0.55120932792450816     
  0.39752548059195342     
  0.15363257864379948     
 -0.19446094634235031     
 -0.23981444232348947     
 -0.17597599487764870     
 -0.12339027048528844     
  -9.4981856206440965E-002
  -7.9402757113593056E-002
  -6.0628844333999760E-002
  -2.5826864826514927E-002
   2.3421147125651052E-002
   4.7540130242796574E-002
   4.1377834088234179E-002
   3.3429970142330886E-002
   2.9077187770702884E-002
   2.8942176681548082E-002
   3.2027532437161083E-002
   3.6820490523851682E-002
   4.1775342852940808E-002
   4.5641728106837406E-002
   4.7647600087812353E-002
   4.7515967781585497E-002
   4.5379899273587584E-002
   4.1690493305494278E-002
   3.7169816252410913E-002
   3.2800381326260078E-002
   2.9809480320796153E-002
   2.9615864709740591E-002
   3.3710439102590653E-002
   4.3394486143046251E-002
   5.9511876199125943E-002
   8.2204963767727901E-002
  0.11079789416680710     
  0.14385740430272445     
  0.17939264640259350     
  0.21512093517138225     
  0.24874367273809450     
  0.27821436213983602     
  0.30199592109184303     
  0.31926845413419125     
  0.33001970325712582     
  0.33498600295067249     
  0.33553133761486537     
  0.33357108336625724     
  0.33228421218014492     
  0.33485795455236955     
  0.32971046980792029     
  0.69999999999999996     
  0.69999999999999996     
  0.69437324053374105     
  0.68552748640566408     
  0.67375016734182513     
  0.65925914193496660     
  0.64224942568452614     
  0.62296263744135083     
  0.60172049358679403     
  0.57894155833871430     
  0.55515779090106787     
  0.53102455098723933     
  0.50732337579667552     
  0.48432178009906923     
  0.45363775384162114     
  0.35433979206114619     
   8.9522308516687493E-002
  -5.4565725826103022E-002
  -4.2638134264919636E-002
   7.6667099068382705E-002
   6.1141877255008054E-002
   1.0027405704612306E-002
  -1.9690224097911799E-002
  -3.5622901756590122E-002
  -4.5815471111152119E-002
  -5.7128033294222315E-002
  -7.3380403425619495E-002
  -6.6581784909903519E-002
  -3.3661764726690156E-002
  -3.6753316430080574E-003
  -2.3765278192388953E-003
  -6.8960542148283803E-003
  -8.2686744037115262E-003
  -7.0095811370576300E-003
  -5.1421955081893825E-003
  -4.3905190516392318E-003
  -5.8263538037966398E-003
  -9.8794204394303062E-003
  -1.6481920293131502E-002
  -2.5215665254056337E-002
  -3.5391962732439164E-002
  -4.6063248437667813E-002
  -5.6007864855142475E-002
  -6.3741072716740260E-002
  -6.7592109268743261E-002
  -6.5872115001499754E-002
  -5.7151303236395293E-002
  -4.0569221102420838E-002
  -1.6105122607451356E-002
   1.5292043283432793E-002
   5.1774344183826038E-002
   9.0856703770167649E-002
  0.12979405153099688     
  0.16597919800941491     
  0.19731133032539330     
  0.22245976931387321     
  0.24096458388245623     
  0.25316276042030506     
  0.25998310883135017     
  0.26271917692974145     
  0.26291381076726439     
  0.26284201229097209     
  0.26298560924355668     
  0.26269841533838750     
  0.69999999999999996     
  0.69999999999999996     
  0.69350265442424042     
  0.68320118364935167     
  0.66931548469924673     
  0.65195604994669298     
  0.63117051623305664     
  0.60700940206349274     
  0.57954892941062597     
  0.54889275100835122     
  0.51516514203168251     
  0.47847874414843089     
  0.43881701763858627     
  0.39419834211015892     
  0.32750799602077796     
  0.14581467811762111     
   9.6304047265418413E-002
   9.1319800180129071E-002
   6.6209584905587385E-002
   4.7652950168234530E-002
   4.8881278611398815E-003
  -2.8583598597067744E-002
  -4.5708075640077339E-002
  -5.3043291228721035E-002
  -5.6736429177203666E-002
  -6.0111349681075059E-002
  -6.3843247516569640E-002
  -6.7770017934331989E-002
  -6.9224526937835221E-002
  -3.6629586948149578E-002
  -1.8925194599107267E-002
  -2.3794992375853512E-002
  -2.7641984449169758E-002
  -2.9736522944737394E-002
  -3.2167109763197206E-002
  -3.6544263922732557E-002
  -4.3621516863036475E-002
  -5.3506218439393544E-002
  -6.5901264917931107E-002
  -8.0238858899008184E-002
  -9.5711734648452604E-002
 -0.11125030711307728     
 -0.12549600947308867     
 -0.13681919456130442     
 -0.14342167151320467     
 -0.14354108362203455     
 -0.13573872038870888     
 -0.11923184438651856     
  -9.4161417325362137E-002
  -6.1702647211899136E-002
  -2.3959073888504778E-002
   1.6347016418838657E-002
   5.6313635967470688E-002
   9.3331653900679615E-002
  0.12545440720381451     
  0.15158867814535326     
  0.17150171319321394     
  0.18566595531195207     
  0.19499783865177761     
  0.20057102838702401     
  0.20342933694088317     
  0.20458219173856407     
  0.20227648214320226     
  0.20688790133392587     
  0.69999999999999996     
  0.69999999999999996     
  0.69280839904449665     
  0.68135639214844057     
  0.66577621424198430     
  0.64607867430197574     
  0.62218053731686263     
  0.59395997022145719     
  0.56126902671369183     
  0.52392599925746697     
  0.48170505127177643     
  0.43428937581160443     
  0.38070074399576936     
  0.31253248280190521     
  0.17774786897845046     
  0.11648399407039088     
   8.6340925388942835E-002
   6.1857929577435841E-002
   3.8975839367356949E-002
   2.0598298191132153E-002
   3.4231961488453660E-003
  -1.1226675598409543E-002
  -2.3140692104698171E-002
  -3.2901380006187073E-002
  -4.1251008220052170E-002
  -4.8777948139783242E-002
  -5.5767427316342294E-002
  -6.2366569587802734E-002
  -6.9894956737756059E-002
  -7.5556445844299089E-002
  -5.2987827938977168E-002
  -3.7903781205774867E-002
  -4.0019078678968090E-002
  -4.4449854242309017E-002
  -5.0615740637836353E-002
  -5.9493972567545864E-002
  -7.1372002636404530E-002
  -8.6044036082790529E-002
 -0.10305015731110254     
 -0.12174025491893216     
 -0.14124645945837164     
 -0.16043524898895684     
 -0.17787782074358155     
 -0.19187649418353403     
 -0.20058610727741641     
 -0.20224316090199312     
 -0.19545989880077416     
 -0.17955811947369324     
 -0.15481273107627092     
 -0.12253019128655231     
  -8.4911151943892912E-002
  -4.4711647553135489E-002
  -4.7810041844822803E-003
   3.2393944517772506E-002
   6.5023425439775781E-002
   9.2160814569153801E-002
  0.11366162368454444     
  0.13000783337678959     
  0.14202644998092717     
  0.15054585903617695     
  0.15607418563580711     
  0.15826441649543038     
  0.15388395477618383     
  0.16264487821467694     
  0.69999999999999996     
  0.69999999999999996     
  0.69229775675283522     
  0.68000718704967911     
  0.66316377373171875     
  0.64169572138045439     
  0.61541625133950362     
  0.58406552763564834     
  0.54731424366253056     
  0.50474852355281619     
  0.45588412079844687     
  0.40043269279061089     
  0.33990632050043579     
  0.28192137867633305     
  0.18021634112941307     
  0.12175280038730213     
   8.5391607337033881E-002
   6.0227220303585613E-002
   4.0222769246714543E-002
   2.3108360888235549E-002
   7.3302626575863280E-003
  -7.0067350728017057E-003
  -1.9401466422321774E-002
  -2.9751691806973266E-002
  -3.8469653498910433E-002
  -4.6086557253489153E-002
  -5.2900497214603270E-002
  -5.8913931997286867E-002
  -6.3440837585864440E-002
  -6.1232765344564538E-002
  -3.9338744106607287E-002
  -3.8898730943552437E-002
  -4.8183612350987684E-002
  -5.4689231447237655E-002
  -6.3485278470442386E-002
  -7.5764637020507439E-002
  -9.1303678307573355E-002
 -0.10958473517350140     
 -0.13001862792103264     
 -0.15190410416564265     
 -0.17434181698243295     
 -0.19616912911943596     
 -0.21593023336233400     
 -0.23190782767706031     
 -0.24225538049436354     
 -0.24523791265748657     
 -0.23953287716648358     
 -0.22454639332387316     
 -0.20062995189329191     
 -0.16913068733306424     
 -0.13223575999163850     
  -9.2630259117297331E-002
  -5.3053009419740213E-002
  -1.5869384234096225E-002
   1.7231037578165055E-002
   4.5358728170281637E-002
   6.8385063582346667E-002
   8.6763100631377571E-002
  0.10122855906754696     
  0.11239373698871478     
  0.12025345113194491     
  0.12322578189853421     
  0.11728112036535561     
  0.12917044343171280     
  0.69999999999999996     
  0.69999999999999996     
  0.69196087809257001     
  0.67912035586889496     
  0.66142004764390716     
  0.63872633579527038     
  0.61077855052149554     
  0.57721788978177402     
  0.53758402524280702     
  0.49127475053270842     
  0.43741323155264467     
  0.37428687013622519     
  0.29686463758281406     
  0.19237028476468071     
  0.12863538179155087     
   9.5387252574498024E-002
   7.3647150518327598E-002
   5.5214478920918575E-002
   3.8314808677561984E-002
   2.2712874839490436E-002
   8.2512796767971151E-003
  -4.9039336549737472E-003
  -1.6469632853743102E-002
  -2.6405699917258420E-002
  -3.5062121619231779E-002
  -4.2874857779363604E-002
  -5.0038360774910126E-002
  -5.6574919679233747E-002
  -6.3128171332114125E-002
  -7.2341727641350301E-002
  -8.6625319998298700E-002
  -7.1324726458021126E-002
  -6.0344370409438915E-002
  -6.2646965451760586E-002
  -7.2358850248821091E-002
  -8.6931638725482319E-002
 -0.10505732901182742     
 -0.12588301492388029     
 -0.14871577869147229     
 -0.17282104545406751     
 -0.19728384195024395     
 -0.22093244459298259     
 -0.24230864506499841     
 -0.25970059487738661     
 -0.27128079322847731     
 -0.27534581008064707     
 -0.27062634092385107     
 -0.25657836467733836     
 -0.23357995677017390     
 -0.20296500847118173     
 -0.16686428634069783     
 -0.12787592606291315     
  -8.8645051172868000E-002
  -5.1458424590815136E-002
  -1.7956453684016663E-002
   1.0990823093983224E-002
   3.5251267139823746E-002
   5.5254414265310969E-002
   7.1670607234003911E-002
   8.4942645826181273E-002
   9.4621504847866161E-002
   9.8133341142598404E-002
   9.1109668553133918E-002
  0.10515701373206289     
  0.69999999999999996     
  0.69999999999999996     
  0.69177601652707410     
  0.67863344573091844     
  0.66043426445214715     
  0.63700334970972805     
  0.60803308927389943     
  0.57310345953296471     
  0.53168266867822633     
  0.48310644449128204     
  0.42652907918796917     
  0.36082532641994769     
  0.28488403782513222     
  0.20338889482335598     
  0.14939529891130493     
  0.11234473702273953     
   8.4914090795969260E-002
   6.2659033311383755E-002
   4.3463125032132371E-002
   2.6507313250498106E-002
   1.1436189342308984E-002
  -1.9308031792553628E-003
  -1.3653015651938868E-002
  -2.3814743449713939E-002
  -3.2724297277533801E-002
  -4.0775698052602560E-002
  -4.8187181526421513E-002
  -5.4997603569609713E-002
  -6.1650040152651027E-002
  -6.9119348778773002E-002
  -7.6372254772987938E-002
  -7.2357951233851525E-002
  -6.4356504022760455E-002
  -6.7076333642296551E-002
  -7.7901457246313172E-002
  -9.4057233037670801E-002
 -0.11388037039890049     
 -0.13635473022600550     
 -0.16073011900767376     
 -0.18625314004496982     
 -0.21200202470665105     
 -0.23680559944289642     
 -0.25921438396587937     
 -0.27753176466296420     
 -0.28994755801965449     
 -0.29478601186683551     
 -0.29080966916458018     
 -0.27749579563274107     
 -0.25522219368884674     
 -0.22529551990842042     
 -0.18979709055200100     
 -0.15126634804213010     
 -0.11229445725170838     
  -7.5127619168043946E-002
  -4.1380480287029509E-002
  -1.1908738751549439E-002
   1.3161922773169667E-002
   3.4257199426967019E-002
   5.2012404362412105E-002
   6.6751901746807521E-002
   7.7686601827344853E-002
   8.1537505281513586E-002
   7.3835698373176120E-002
   8.9239312189851053E-002
  0.69999999999999996     
  0.69999999999999996     
  0.69171556113491628     
  0.67847328511725302     
  0.66007869262782837     
  0.63633296735707368     
  0.60690380801410138     
  0.57134097586049060     
  0.52908516310024689     
  0.47947647298694596     
  0.42179801238639075     
  0.35543529116777101     
  0.28054758579708611     
  0.20186518557886243     
  0.14899357663014262     
  0.11244892703566435     
   8.5105145048736897E-002
   6.2853822315625668E-002
   4.3752045945431473E-002
   2.6993927735110623E-002
   1.2260843828351560E-002
  -7.1243309881894733E-004
  -1.2175556774183006E-002
  -2.2300056647208733E-002
  -3.1287430531318536E-002
  -3.9410302785618925E-002
  -4.6899122199938109E-002
  -5.3773117385080504E-002
  -6.0201056661895770E-002
  -6.6436723774424361E-002
  -7.0993286176787435E-002
  -6.9302098238747181E-002
  -6.4891909635875628E-002
  -6.9020045760854451E-002
  -8.0803922079584284E-002
  -9.7904730595063258E-002
 -0.11866591906735433     
 -0.14203297498958328     
 -0.16723410017409002     
 -0.19350674411478466     
 -0.21992702301745409     
 -0.24532837365866370     
 -0.26827043121847821     
 -0.28706825154181104     
 -0.29992633761863552     
 -0.30518503351336534     
 -0.30161859360295873     
 -0.28870771220329061     
 -0.26682304557029585     
 -0.23725589892293966     
 -0.20206962531204731     
 -0.16378777239243916     
 -0.12498768636106937     
  -8.7900196689915625E-002
  -5.4119503673210126E-002
  -2.4475770955151240E-002
   9.3203428009851577E-004
   2.2548534194823042E-002
   4.1002601899572111E-002
   5.6551224131583797E-002
   6.8188946574740145E-002
   7.2217779365655960E-002
   6.4160113783824330E-002
   8.0275444947487590E-002
  0.69999999999999996     
  0.69999999999999996     
  0.69175343448774673     
  0.67857353275956200     
  0.66023905867128929     
  0.63654298824622724     
  0.60714667373411757     
  0.57159435303055339     
  0.52932710361876445     
  0.47970477387137256     
  0.42208361254903820     
  0.35604094815007248     
  0.28207217837256737     
  0.20502139280732684     
  0.15253634690664061     
  0.11569053422605582     
   8.7840930589649729E-002
   6.5134735343970226E-002
   4.5678424565773743E-002
   2.8667156493288746E-002
   1.3802863591179257E-002
   7.8305902107392669E-004
  -1.0739552872270837E-002
  -2.0988510660209583E-002
  -3.0125204797587315E-002
  -3.8368501485805846E-002
  -4.5959956810851965E-002
  -5.2927672664391294E-002
  -5.9329441798051052E-002
  -6.5238009618627218E-002
  -6.9153855145377946E-002
  -6.7775884951770574E-002
  -6.4526190863716984E-002
  -6.9363897428221910E-002
  -8.1551135774797848E-002
  -9.8941585983578231E-002
 -0.11995331154699304     
 -0.14354633671705050     
 -0.16894573993299453     
 -0.19538481377275982     
 -0.22193908350763933     
 -0.24744563894267169     
 -0.27047145877604606     
 -0.28933958279854710     
 -0.30226076525280854     
 -0.30757717904771276     
 -0.30405840974213250     
 -0.29117721285584486     
 -0.26929926093414636     
 -0.23972218176742346     
 -0.20453056851610601     
 -0.16627746462876983     
 -0.12756397409257000     
  -9.0625311145091009E-002
  -5.7034306583381066E-002
  -2.7579298599568213E-002
  -2.3097634443544372E-003
   1.9260776130991530E-002
   3.7781720779225661E-002
   5.3493545655395859E-002
   6.5306497241221173E-002
   6.9375676389886287E-002
   6.1237318092556059E-002
   7.7514034687216515E-002
  0.69999999999999996     
  0.69999999999999996     
  0.69187206625757081     
  0.67888870364101095     
  0.66083689801791845     
  0.63751592782776378     
  0.60859740731667156     
  0.57364196458279393     
  0.53211253684391724     
  0.48338785965316416     
  0.42680852891041166     
  0.36180917656792277     
  0.28841563257744945     
  0.21052527906023555     
  0.15655247527505828     
  0.11879114789720883     
   9.0425115796911509E-002
   6.7388245502689056E-002
   4.7668995137594025E-002
   3.0422507677434832E-002
   1.5316342074313278E-002
   2.0449730337398701E-003
  -9.6810694091219920E-003
  -2.0049381082248609E-002
  -2.9282398591307407E-002
  -3.7652930899078507E-002
  -4.5383145723066037E-002
  -5.2508011257835850E-002
  -5.9187091188131292E-002
  -6.5649737407251663E-002
  -7.0281029775858941E-002
  -6.8019352263189087E-002
  -6.3728325432891586E-002
  -6.8373801654194391E-002
  -8.0311385630261120E-002
  -9.7329390805847418E-002
 -0.11792953890378459     
 -0.14111420380176887     
 -0.16611670247913132     
 -0.19216956169234176     
 -0.21834927742919971     
 -0.24349657026829724     
 -0.26618298166214943     
 -0.28473446893419768     
 -0.29735940192335669     
 -0.30238849513192811     
 -0.29857121871138720     
 -0.28536083289462805     
 -0.26311762392188898     
 -0.23316396176677659     
 -0.19764219345834144     
 -0.15918032445828520     
 -0.12044452638816983     
  -8.3698728132476641E-002
  -5.0497503913511238E-002
  -2.1572904286482848E-002
   3.0982094042222787E-003
   2.4068706677404156E-002
   4.2036412469960552E-002
   5.7277044298791845E-002
   6.8750677600615498E-002
   7.2732546149898492E-002
   6.4768809051332504E-002
   8.0696283248464479E-002
  0.69999999999999996     
  0.69999999999999996     
  0.69206271991727808     
  0.67940139714102155     
  0.66184267868575331     
  0.63920758365417774     
  0.61119594019511037     
  0.57740828660315358     
  0.53735505086598701     
  0.49044869436551941     
  0.43597596144519479     
  0.37300623415698975     
  0.30040018390845524     
  0.22056356809731256     
  0.16318125173301506     
  0.12375873748680541     
   9.4535338538862729E-002
   7.0907104768260315E-002
   5.0664405473192925E-002
   3.2915604289097698E-002
   1.7245578036967423E-002
   3.3941252080800059E-003
  -8.7620945046056262E-003
  -1.9362469979446149E-002
  -2.8742523331506224E-002
  -3.7278300621417342E-002
  -4.5178734886485571E-002
  -5.2506225165035690E-002
  -5.9690585996806239E-002
  -6.7662505609699289E-002
  -7.4727535605801865E-002
  -6.7093589267199577E-002
  -6.1401742596415898E-002
  -6.5735615134657685E-002
  -7.6933639106794252E-002
  -9.2928989146627977E-002
 -0.11243768883334399     
 -0.13455707174527934     
 -0.15854544967930453     
 -0.18363969632792734     
 -0.20892014092359074     
 -0.23323283108041387     
 -0.25515367493171259     
 -0.27300920104619159     
 -0.28499948239838618     
 -0.28943221126848467     
 -0.28501966217776575     
 -0.27117723516187175     
 -0.24824757227532443     
 -0.21758453342828038     
 -0.18141366484987620     
 -0.14248039978310126     
 -0.10356379766684681     
  -6.6994568879807204E-002
  -3.4326133532239400E-002
  -6.2288068244314466E-003
   1.7413468202583170E-002
   3.7245961867714811E-002
   5.4046490360184031E-002
   6.8180540860357464E-002
   7.8791912921695684E-002
   8.2548847500155648E-002
   7.5034978343235720E-002
   9.0062716657075575E-002
  0.69999999999999996     
  0.69999999999999996     
  0.69233243069592632     
  0.68012777097058241     
  0.66328032109472179     
  0.64165053325704824     
  0.61498747132174247     
  0.58295935525823817     
  0.54516071759638107     
  0.50109125871961724     
  0.45007479947557028     
  0.39088674410938312     
  0.31998415419297355     
  0.22720378418295231     
  0.15291126838154603     
  0.11443339269328656     
   8.8632708404046273E-002
   6.7458043018140235E-002
   4.8769211077517999E-002
   3.1908291949077183E-002
   1.6587177408089137E-002
   2.8254242175590905E-003
  -9.2716617251261263E-003
  -1.9800567985727074E-002
  -2.9139518535927268E-002
  -3.7675462958365213E-002
  -4.5586381803470209E-002
  -5.2918242314427669E-002
  -6.0334710259221151E-002
  -7.0541084037892929E-002
  -8.3931977251096065E-002
  -5.6250979808233431E-002
  -5.5268948857093894E-002
  -6.0769591260312242E-002
  -7.1004288442563734E-002
  -8.5322451131817273E-002
 -0.10299709170078053     
 -0.12331949260531169     
 -0.14560241027556409     
 -0.16909639400571153     
 -0.19289118923931028     
 -0.21584366964777085     
 -0.23653933898124094     
 -0.25330916727902952     
 -0.26434480166718749     
 -0.26792294889284562     
 -0.26270016020521869     
 -0.24802443707699168     
 -0.22419507286030438     
 -0.19257826613970602     
 -0.15548555444229389     
 -0.11580900127292648     
  -7.6491897572133524E-002
  -3.9989301292252317E-002
  -7.8964552069437765E-003
   1.9162061291983484E-002
   4.1405625370861274E-002
   5.9596711044113085E-002
   7.4630912815890599E-002
   8.7023390781453783E-002
   9.6230815678818304E-002
   9.9596963964689533E-002
   9.2864667392947076E-002
  0.10632926053643199     
  0.69999999999999996     
  0.69999999999999996     
  0.69269955216732149     
  0.68111186056275486     
  0.66521908302323296     
  0.64494109608167827     
  0.62010063309558383     
  0.59046527553279948     
  0.55575905713977602     
  0.51565693492144227     
  0.46980024115319308     
  0.41798379171739891     
  0.36128646046795321     
  0.30464207854473963     
  0.21027383591321197     
  0.14686423358146070     
  0.10557763425499789     
   7.6731827840704522E-002
   5.4215419664156689E-002
   3.5135794549958382E-002
   1.8165872752210217E-002
   3.2015058425873765E-003
  -9.7104912000429908E-003
  -2.0796353043915965E-002
  -3.0487305612961667E-002
  -3.9166364370556456E-002
  -4.7061877123093239E-002
  -5.4144238096490140E-002
  -5.9309535106846639E-002
  -5.6391108080558847E-002
  -3.0589640598671610E-002
  -3.9679042926277601E-002
  -4.6679367610677723E-002
  -5.3247946349568344E-002
  -6.1976270931133434E-002
  -7.3843035712040039E-002
  -8.8828473135983840E-002
 -0.10650282955791616     
 -0.12626941242462819     
 -0.14740680168651485     
 -0.16902376715460365     
 -0.18999923463996618     
 -0.20894177389145716     
 -0.22420051658196194     
 -0.23396840438365893     
 -0.23649090928946581     
 -0.23035358324357580     
 -0.21480253112195913     
 -0.19004906009339814     
 -0.15742242651106997     
 -0.11928360701237979     
  -7.8664760401143841E-002
  -3.8707118540605677E-002
  -2.0601374756773799E-003
   2.9560259139504323E-002
   5.5519362893733215E-002
   7.6119423082373086E-002
   9.2256145335131878E-002
  0.10498397590242342     
  0.11503429888106675     
  0.12229411870456115     
  0.12506496580726081     
  0.11952327160186149     
  0.13060666001266014     
  0.69999999999999996     
  0.69999999999999996     
  0.69318674893355747     
  0.68241126593107138     
  0.66775172640942015     
  0.64920721639969914     
  0.62669978486109390     
  0.60012750123529801     
  0.56938135035452797     
  0.53434428601606254     
  0.49489553823869969     
  0.45091558573781404     
  0.40205211643335365     
  0.34330943841202038     
  0.23284876782261099     
  0.14709473223050298     
  0.10727537284823982     
   8.0138185281162788E-002
   5.6319857160186934E-002
   3.6143223299696069E-002
   1.8163263528926311E-002
   2.8355526941977157E-003
  -1.0034949408582116E-002
  -2.1083469679171185E-002
  -3.0896787843746755E-002
  -3.9845728589998540E-002
  -4.8165901621350690E-002
  -5.6527687805583482E-002
  -6.5730246287244429E-002
  -6.9286433825204385E-002
  -3.3525979964757854E-002
  -3.3205622611950189E-002
  -3.8231854997802850E-002
  -4.3115337084530386E-002
  -4.9139562470006531E-002
  -5.7578471892821115E-002
  -6.8885745654957156E-002
  -8.2921040308957084E-002
  -9.9211589905328496E-002
 -0.11708486362001488     
 -0.13568422778683062     
 -0.15392929642547676     
 -0.17047561689125926     
 -0.18371743387066017     
 -0.19187374097980844     
 -0.19317370111511725     
 -0.18612940306272971     
 -0.16986029299790814     
 -0.14443737568687925     
 -0.11107846266649124     
  -7.2105869563346234E-002
  -3.0616825577251296E-002
   1.0080179841490605E-002
   4.7097637311256067E-002
   7.8496770914900205E-002
  0.10351409590396149     
  0.12245208855966991     
  0.13631986837307569     
  0.14636067933588709     
  0.15358939800938448     
  0.15842013068610322     
  0.16035624477072741     
  0.15648401660147904     
  0.16422847293997578     
  0.69999999999999996     
  0.69999999999999996     
  0.69381253442863655     
  0.68407633543821023     
  0.67095971666805054     
  0.65455628122470011     
  0.63490966795961501     
  0.61207383133149484     
  0.58613481737201356     
  0.55721101635634884     
  0.52544565338615623     
  0.49097215290424034     
  0.45380085780147517     
  0.41260645024234804     
  0.35386087922998333     
  0.20741962260994173     
  0.11835977179795966     
   9.8954500037145579E-002
   7.7036462029363345E-002
   5.0963478292544107E-002
   1.6525157321534881E-002
  -9.1571504136704427E-003
  -2.5850326269420132E-002
  -3.7061205725563845E-002
  -4.5251504006794029E-002
  -5.1695591766186516E-002
  -5.7451605407607305E-002
  -6.3435122308462794E-002
  -6.1245242165839806E-002
  -1.4312548613136321E-002
  -1.6980277168959650E-002
  -2.2919621407668647E-002
  -2.6662705180535255E-002
  -2.8819529108101621E-002
  -3.1182003939221693E-002
  -3.5256287758328037E-002
  -4.1867515221411085E-002
  -5.1182203881739857E-002
  -6.2901516723905260E-002
  -7.6440108822645181E-002
  -9.1003408168303768E-002
 -0.10558019061296288     
 -0.11890856518073645     
 -0.12947035352412012     
 -0.13555575423012872     
 -0.13541753694846592     
 -0.12751958461236970     
 -0.11086110738847003     
  -8.5343225884533427E-002
  -5.1996442007150638E-002
  -1.2975964720304553E-002
   2.8722693289096938E-002
   6.9769774324665329E-002
  0.10711679649882669     
  0.13853695327470084     
  0.16297058508262074     
  0.18054666511759182     
  0.19227628851063694     
  0.19956733445724986     
  0.20376420308742704     
  0.20587127048358941     
  0.20673179255228052     
  0.20501074841489830     
  0.20845283668966275     
  0.69999999999999996     
  0.69999999999999996     
  0.69458302715843523     
  0.68612679008085253     
  0.67487077078710045     
  0.66100914856295889     
  0.64471957659282020     
  0.62622424835384694     
  0.60581648388193943     
  0.58386655511730656     
  0.56082141719411038     
  0.53718632310852588     
  0.51347592754210647     
  0.48985224903742230     
  0.46091518064086634     
  0.38056917804746482     
  0.17301009539807877     
   2.0606976959854598E-002
   6.2969493091665999E-003
   7.7535963502924299E-002
   5.6156444961690664E-002
   2.8193850316581670E-002
   8.4111512902940097E-003
  -8.5492061986951924E-003
  -2.4346331554730382E-002
  -4.0003507898495341E-002
  -5.5972983683647934E-002
  -5.8851508264467153E-002
  -4.3345602386742690E-003
   3.6730249512124244E-003
  -1.7795266884689822E-003
  -6.3965466623726822E-003
  -7.8974107274676006E-003
  -7.1203368596136664E-003
  -5.6083162109278502E-003
  -4.8959551025492152E-003
  -6.1020006768874591E-003
  -9.7437356899232972E-003
  -1.5789685836946746E-002
  -2.3823199172170330E-002
  -3.3168916640315516E-002
  -4.2931648226816305E-002
  -5.1982194124316643E-002
  -5.8949732776461386E-002
  -6.2265834484809948E-002
  -6.0281689309681995E-002
  -5.1480148476516135E-002
  -3.4804466627301384E-002
  -1.0006918106799278E-002
   2.2110919073683871E-002
   5.9682328746732766E-002
  0.10003583724060064     
  0.14012221065777697     
  0.17698056773503740     
  0.20820618968550000     
  0.23235086761141779     
  0.24912620533137070     
  0.25929152979035186     
  0.26426306839795671     
  0.26567600758871435     
  0.26512771983247552     
  0.26474970889192273     
  0.26550573077302830     
  0.26399368701081716     
  0.69999999999999996     
  0.69999999999999996     
  0.69548539513372920     
  0.68853125483551514     
  0.67941914042713847     
  0.66843649101018254     
  0.65589039988553521     
  0.64216119541008221     
  0.62773199146827219     
  0.61320351123540218     
  0.59931597715204399     
  0.58698715602428941     
  0.57739322333711329     
  0.57216785525889713     
  0.57281361368620609     
  0.57066325878617352     
  0.53905217453630083     
  0.40005571277703816     
  0.15101415377625627     
 -0.18914837741057311     
 -0.16648008457226343     
 -0.10842540368009042     
  -9.7576560824615077E-002
  -9.9716589261937258E-002
  -9.2473808629975354E-002
  -6.3784845503212839E-002
   3.1462163322287192E-003
   5.3248024501548807E-002
   4.8914660054383871E-002
   4.0010005308127282E-002
   3.2530451400713867E-002
   2.8120435522357622E-002
   2.7087961949641186E-002
   2.8998074990428876E-002
   3.2849079334010670E-002
   3.7313379778950335E-002
   4.1111539180026802E-002
   4.3348894944276344E-002
   4.3651657122990413E-002
   4.2108974319548777E-002
   3.9149582353329410E-002
   3.5458686926273165E-002
   3.1952669225557992E-002
   2.9770428031029337E-002
   3.0238838877733449E-002
   3.4791751145842903E-002
   4.4804387463826041E-002
   6.1266127043527643E-002
   8.4486449112669448E-002
  0.11387331403139817     
  0.14794171850463397     
  0.18454663589727907     
  0.22122778324410830     
  0.25552887390862744     
  0.28525282936395763     
  0.30873025273540960     
  0.32512004053813459     
  0.33459114890662928     
  0.33821981988395983     
  0.33770160713076497     
  0.33510055095286884     
  0.33352314818093043     
  0.33667795372480724     
  0.33036834263705361     
  0.69999999999999996     
  0.69999999999999996     
  0.69648453707158064     
  0.69119599633458961     
  0.68442255801265706     
  0.67652199603424656     
  0.66790414722585500     
  0.65906730205815767     
  0.65062366586412224     
  0.64331408623673958     
  0.63803286727122688     
  0.63587145669992740     
  0.63819036250715477     
  0.64675050830241942     
  0.66385454477822037     
  0.69030371790270906     
  0.71938150007970658     
  0.71379963433617422     
  0.68616324359516034     
  0.67483910807801673     
  0.50719759692099375     
  0.37437605249644207     
  0.30946910378096681     
  0.27552170603763143     
  0.25159656137598108     
  0.22785856145026856     
  0.18957928164721660     
  0.16688034355741033     
  0.14531837636593878     
  0.12711620774703122     
  0.11285287297569285     
  0.10256347222044193     
   9.6354725892750903E-002
   9.4207465882275090E-002
   9.5701838125427582E-002
   9.9948195249647931E-002
  0.10576497421577744     
  0.11199534669788332     
  0.11778081146651541     
  0.12267793502619787     
  0.12663838673279607     
  0.12993982641482521     
  0.13312767117634020     
  0.13697101816527468     
  0.14241102247289933     
  0.15050248489134976     
  0.16228907162829903     
  0.17853717666294089     
  0.19948721430194807     
  0.22469471366846780     
  0.25307658166882385     
  0.28313719588297759     
  0.31324769406418779     
  0.34183145254319591     
  0.36739668195549358     
  0.38853231164462110     
  0.40406937720219832     
  0.41343230087116473     
  0.41693666495767218     
  0.41586731727333309     
  0.41239188128944848     
  0.40998138896987624     
  0.41480237360902072     
  0.40516040433073175     
  0.69999999999999996     
  0.69999999999999996     
  0.69752480462279043     
  0.69396882361510415     
  0.68958933596066707     
  0.68477742052123536     
  0.67999799198823019     
  0.67580016473307780     
  0.67282924645388542     
  0.67182746264500171     
  0.67363762926842841     
  0.67921039174053621     
  0.68961019249757016     
  0.70600790293440907     
  0.72969192805600769     
  0.76177457486402311     
  0.80195816682307941     
  0.84133105205419723     
  0.87756276859147686     
  0.91199603400841245     
  0.87944651702733989     
  0.81112161158103580     
  0.73580096640850390     
  0.66320310925093418     
  0.59451456215513399     
  0.52828927523795044     
  0.46276563674283322     
  0.40427943303292330     
  0.35403616489937473     
  0.31217528095114877     
  0.27801754387204536     
  0.25068228789149560     
  0.22957247873467995     
  0.21442363873854581     
  0.20506377078722957     
  0.20112030903366868     
  0.20186326855739536     
  0.20626148018571461     
  0.21318917231310580     
  0.22164819047859941     
  0.23090994125059872     
  0.24056391907561442     
  0.25050465262644406     
  0.26088274315079285     
  0.27202778862996302     
  0.28439374068297218     
  0.29846360675331207     
  0.31456175760625421     
  0.33268114173479912     
  0.35243940666559048     
  0.37318255452975885     
  0.39416796815165311     
  0.41472589704869456     
  0.43431851527032417     
  0.45244557492307919     
  0.46843503073523951     
  0.48132935223655648     
  0.49010680063515055     
  0.49419233737258861     
  0.49396452322367507     
  0.49109355050115833     
  0.48856428449060996     
  0.49362281651170670     
  0.48350575246951322     
  0.69999999999999996     
  0.69999999999999996     
  0.69853771640039974     
  0.69666088014099548     
  0.69456157869112656     
  0.69261965461866937     
  0.69129667734257727     
  0.69111606452267149     
  0.69265697917935432     
  0.69653656106565076     
  0.70338941279335088     
  0.71384341288044939     
  0.72848765908776969     
  0.74782403156649269     
  0.77221426647193436     
  0.80181154260929921     
  0.83650621627750921     
  0.87463827185681287     
  0.91328768586961284     
  0.94897746096745872     
  0.96858716912328824     
  0.96810977039158586     
  0.95013927506037954     
  0.91861682921116661     
  0.87677239437454979     
  0.82701644970545485     
  0.77146859070271578     
  0.71294516400745456     
  0.65410084944205271     
  0.59718930162462280     
  0.54396403549570316     
  0.49569791240765221     
  0.45330060362542302     
  0.41745172090463589     
  0.38866977896969623     
  0.36728122396449525     
  0.35331733390520387     
  0.34641932392110542     
  0.34583313915962755     
  0.35051526271209610     
  0.35930209257054646     
  0.37107435926456372     
  0.38487099183709927     
  0.39993307832932601     
  0.41567693740536282     
  0.43168089676233695     
  0.44755028514413275     
  0.46286242556466189     
  0.47717372441508360     
  0.49011877696428646     
  0.50154110761172910     
  0.51155724054775265     
  0.52051336373122958     
  0.52887196570611694     
  0.53705729247401557     
  0.54522989685969414     
  0.55303672714641938     
  0.55956868258901959     
  0.56373471472010506     
  0.56491645600256912     
  0.56375329302207389     
  0.56194340145776100     
  0.56556318458638677     
  0.55832361832913524     
  0.69999999999999996     
  0.69999999999999996     
  0.69945442093300580     
  0.69908235883231962     
  0.69898567727134220     
  0.69949138897734287     
  0.70100427818106248     
  0.70395965460365006     
  0.70880237203666474     
  0.71595773229566628     
  0.72580082753713138     
  0.73862595528507702     
  0.75461658277332233     
  0.77381533851997275     
  0.79609825955782654     
  0.82115745113923466     
  0.84853732231297940     
  0.87759931012074954     
  0.90718945355452951     
  0.93567380237517384     
  0.96088013208327161     
  0.98040003930069519     
  0.99244996975992894     
  0.99606406611439890     
  0.99091261192506297     
  0.97712706600194754     
  0.95523468635210018     
  0.92611422147172417     
  0.89093297075213540     
  0.85106603267348702     
  0.80801841636498806     
  0.76335998187451148     
  0.71867908087862520     
  0.67555329418487953     
  0.63552660178284848     
  0.60007336151511481     
  0.57052412634900040     
  0.54793877132198721     
  0.53294821793475422     
  0.52562655878103848     
  0.52545911495634989     
  0.53142672337167418     
  0.54216920869697860     
  0.55615543539463452     
  0.57184735681004695     
  0.58772791354354359     
  0.60225733923948677     
  0.61407630477143949     
  0.62223504761728821     
  0.62640757613253806     
  0.62697817907416908     
  0.62492102555110174     
  0.62151528816325674     
  0.61803878229633380     
  0.61555554598405471     
  0.61477241886394784     
  0.61586984400172384     
  0.61835093238743877     
  0.62114886578317419     
  0.62306845623525309     
  0.62365748156195233     
  0.62305946045151339     
  0.62425550267239127     
  0.62186341823063551     
  0.69999999999999996     
  0.69999999999999996     
  0.70021914079395775     
  0.70108092632717334     
  0.70258616988684075     
  0.70498042058244015     
  0.70857682416393186     
  0.71368975989286154     
  0.72060720933682221     
  0.72956142058305817     
  0.74070302609560035     
  0.75408159067293978     
  0.76963470111390631     
  0.78718602219489853     
  0.80645294295018088     
  0.82706212124952427     
  0.84857804870946019     
  0.87055658272642689     
  0.89253022218574762     
  0.91397503652050427     
  0.93446383961246893     
  0.95350931811578266     
  0.97048906715141103     
  0.98469070214637622     
  0.99539432621425061     
   1.0019462270773820     
   1.0038221176665540     
   1.0006653148190994     
  0.99231648389253446     
  0.97883733718797039     
  0.96052602887478578     
  0.93792249959304952     
  0.91180207474468200     
  0.88315674844703174     
  0.85316619044179387     
  0.82316174898694072     
  0.79458102016822330     
  0.76889823677381930     
  0.74750828780632006     
  0.73155587426924429     
  0.72173599803961608     
  0.71812440419305257     
  0.72009938619423830     
  0.72637897702107446     
  0.73520030774375356     
  0.74439448290457377     
  0.75171572668850906     
  0.75522310512756929     
  0.75370099911926325     
  0.74694964912641748     
  0.73580268425795459     
  0.72184381449351409     
  0.70694888011567014     
  0.69285812232546462     
  0.68092432372632994     
  0.67203190534423585     
  0.66656422630149781     
  0.66432484582249096     
  0.66451275853790892     
  0.66587195247424469     
  0.66726004584027010     
  0.66769137481714746     
  0.66682871686339273     
  0.66855403277090220     
  0.69999999999999996     
  0.69999999999999996     
  0.70079892288375412     
  0.70256906522526685     
  0.70521531471067644     
  0.70889116639473815     
  0.71380679795940094     
  0.72015369102580107     
  0.72807799007416674     
  0.73765882953219797     
  0.74889392783082109     
  0.76169487035214856     
  0.77589259964174795     
  0.79125183535586618     
  0.80749201023001094     
  0.82431104919841502     
  0.84140814851764623     
  0.85850805584635825     
  0.87537987858481425     
  0.89183699238348624     
  0.90775487332208993     
  0.92305537191116405     
  0.93765616384600081     
  0.95142732010389297     
  0.96417079343885548     
  0.97561708655737844     
  0.98543773645581811     
  0.99326885110138363     
  0.99874229680695870     
   1.0015234889225668     
   1.0013536111833945     
  0.99809241437807283     
  0.99175610099374101     
  0.98254388644324597     
  0.97084866993367658     
  0.95725185185612383     
  0.94250587641520311     
  0.92750501569437926     
  0.91323460492719577     
  0.90068062407136573     
  0.89068763773063686     
  0.88377624255056542     
  0.87995646057073729     
  0.87861196949226805     
  0.87843939850513619     
  0.87765172558734483     
  0.87430840853579295     
  0.86675836948886387     
  0.85409835001425483     
  0.83646071825959789     
  0.81498753550165182     
  0.79149641453184927     
  0.76800120140387984     
  0.74629438371696133     
  0.72771219531969922     
  0.71307745167869185     
  0.70273228860512615     
  0.69655611053810396     
  0.69395233771442144     
  0.69385736762451455     
  0.69493093307627618     
  0.69576272535485506     
  0.69409914079769730     
  0.69742630991201282     
  0.69999999999999996     
  0.69999999999999996     
  0.70118661254773873     
  0.70353154605536317     
  0.70686235178378920     
  0.71124685279601940     
  0.71680071342176421     
  0.72361183605910495     
  0.73171904302737312     
  0.74110032670889470     
  0.75166940125198400     
  0.76328128868338940     
  0.77574548015065936     
  0.78884427194005724     
  0.80235289952446331     
  0.81605819042249395     
  0.82977299872669497     
  0.84334526760882467     
  0.85666269669319162     
  0.86965178935469600     
  0.88227325975831850     
  0.89451533085015966     
  0.90638034910033216     
  0.91787151661276689     
  0.92898141502934828     
  0.93967935604280795     
  0.94990132307887820     
  0.95954468722441910     
  0.96846852395878202     
  0.97650043436933931     
  0.98345060299485576     
  0.98913283930506113     
  0.99339054089810386     
  0.99612320629496109     
  0.99730790803438307     
  0.99701144183527224     
  0.99539258112612894     
  0.99269604760468999     
  0.98923687466264154     
  0.98536667949764434     
  0.98140953469013326     
  0.97756218373753823     
  0.97376922847563452     
  0.96961594615089930     
  0.96426668091635770     
  0.95657113373765579     
  0.94533657091703471     
  0.92966654495778500     
  0.90929912251694145     
  0.88479358194958524     
  0.85746117452897375     
  0.82906842146234738     
  0.80145764750484172     
  0.77623279789148025     
  0.75457582958604741     
  0.73718668439009194     
  0.72431166039781802     
  0.71580482162998127     
  0.71116637832255591     
  0.70955047757238432     
  0.70974189491355633     
  0.71042364351876841     
  0.70906014630834424     
  0.71178714072919258     
  0.69999999999999996     
  0.69999999999999996     
  0.70139711471912702     
  0.70401370933230356     
  0.70762660215275375     
  0.71223562504142635     
  0.71788213902546183     
  0.72457893363512416     
  0.73229540524763337     
  0.74095406923393003     
  0.75043446151405591     
  0.76058331361419962     
  0.77122867550077601     
  0.78219550311493491     
  0.79332000684040538     
  0.80446082701813959     
  0.81550596495863292     
  0.82637522819402032     
  0.83701897989487573     
  0.84741423945758920     
  0.85755883578698588     
  0.86746437054460579     
  0.87714763695988918     
  0.88662579834937549     
  0.89591458644787703     
  0.90502488731436082     
  0.91395920639948591     
  0.92270880825720736     
  0.93125169527860852     
  0.93955163558144628     
  0.94755860606905817     
  0.95521106653189936     
  0.96244014222644558     
  0.96917488872544966     
  0.97534676471905901     
  0.98089111684220365     
  0.98574483843489291     
  0.98984120394438868     
  0.99310296833020306     
  0.99543174944461099     
  0.99668842409191649     
  0.99665954336606977     
  0.99501567645904399     
  0.99127243494394568     
  0.98481065602966522     
  0.97492684049773159     
  0.96100722837469310     
  0.94275000226627226     
  0.92035878140613703     
  0.89461629276151577     
  0.86679165824873272     
  0.83842273856150762     
  0.81106928717240023     
  0.78610495827581572     
  0.76456559495951870     
  0.74706358061759093     
  0.73378619612128815     
  0.72456632392907960     
  0.71896229350559404     
  0.71630757180004878     
  0.71564418092684379     
  0.71596249484352537     
  0.71532586701016221     
  0.71659912267688852     
  0.69999999999999996     
  0.69999999999999996     
  0.70145942750870394     
  0.70409842138336698     
  0.70767159058490270     
  0.71213298560248917     
  0.71747349071782374     
  0.72365927383810458     
  0.73062257833516120     
  0.73826355378738229     
  0.74645774516963392     
  0.75506693366296274     
  0.76395100684868300     
  0.77297888372448675     
  0.78203697478668510     
  0.79103451969703975     
  0.79990577563606924     
  0.80860952371770645     
  0.81712661219768434     
  0.82545623094957010     
  0.83361144527964537     
  0.84161391465676849     
  0.84948721705862584     
  0.85725310820618872     
  0.86493051233925500     
  0.87253369716926032     
  0.88007088104531062     
  0.88754388179056920     
  0.89494874480233855     
  0.90227703679207272     
  0.90951727802570348     
  0.91665587155035233     
  0.92367683520998889     
  0.93055960206322608     
  0.93727410347136320     
  0.94377247579566270     
  0.94997755807177875     
  0.95576972966364260     
  0.96097457931210040     
  0.96535331012719572     
  0.96859624119498688     
  0.97031894571475374     
  0.97006444154376803     
  0.96731808339130787     
  0.96154760609319212     
  0.95229192508465998     
  0.93924056123544974     
  0.92236540686774593     
  0.90201677234389555     
  0.87893710449616480     
  0.85418271002277568     
  0.82899405362739231     
  0.80465443131685199     
  0.78234137347063726     
  0.76297347994347176     
  0.74709592647999035     
  0.73485974818594713     
  0.72609780383103628     
  0.72042908713223708     
  0.71733704936086895     
  0.71613340369369505     
  0.71613129874729353     
  0.71613550864009656     
  0.71612708885449050     
  0.69999999999999996     
  0.69999999999999996     
  0.70140812072347980     
  0.70388194498970336     
  0.70717964464270067     
  0.71123101207507633     
  0.71599836342682688     
  0.72142494083247133     
  0.72742966037787704     
  0.73391158721488270     
  0.74075829530878945     
  0.74785542610081424     
  0.75509545664691224     
  0.76238435734394960     
  0.76964563861367763     
  0.77682198603543151     
  0.78387501032759255     
  0.79078376178434540     
  0.79754252483881782     
  0.80415818503891590     
  0.81064733014097956     
  0.81703276050914941     
  0.82333869994532338     
  0.82958794806650449     
  0.83580087229639088     
  0.84199350730786071     
  0.84817586220367902     
  0.85435110542330861     
  0.86051578277694285     
  0.86666098521465607     
  0.87277410390344834     
  0.87884053877373836     
  0.88484450042700458     
  0.89076796142363679     
  0.89658681378379845     
  0.90226344019004334     
  0.90773554352238883     
  0.91290222319033398     
  0.91760960241237144     
  0.92163903241136302     
  0.92470075223496395     
  0.92643574222599345     
  0.92642866746331798     
  0.92423658309032530     
  0.91943444896814719     
  0.91168271897799269     
  0.90079880998842543     
  0.88682429221719605     
  0.87006586282450704     
  0.85109325003957559     
  0.83070260540202656     
  0.80986051739451970     
  0.78961932566083359     
  0.77098253450394960     
  0.75474041723819185     
  0.74134885376921100     
  0.73091470667023162     
  0.72328013076239173     
  0.71813321174474309     
  0.71508924046779987     
  0.71368682447899223     
  0.71349698016472118     
  0.71387666879326328     
  0.71311729153617909     
  0.69999999999999996     
  0.69999999999999996     
  0.70127673354469566     
  0.70345582388162531     
  0.70631956454873079     
  0.70979140390551865     
  0.71382260554583266     
  0.71835095691498907     
  0.72329796274376279     
  0.72857404046599916     
  0.73408617438741297     
  0.73974552461724019     
  0.74547336126501351     
  0.75120456024971438     
  0.75688882171689364     
  0.76249027012249648     
  0.76798618699003107     
  0.77336546981914656     
  0.77862708119871149     
  0.78377849348762030     
  0.78883404304342364     
  0.79381278516401510     
  0.79873520491687422     
  0.80362121118551055     
  0.80848935154989410     
  0.81335514835878864     
  0.81822940131534905     
  0.82311699625043255     
  0.82801638325522497     
  0.83291973953630072     
  0.83781367044602650     
  0.84268012854917862     
  0.84749705944170073     
  0.85223819775195020     
  0.85687132987070391     
  0.86135427134963027     
  0.86562810618636254     
  0.86960790588251435     
  0.87317225652530839     
  0.87615381888921973     
  0.87833365742750646     
  0.87944236474273385     
  0.87917092201138780     
  0.87719381386879403     
  0.87320539344433146     
  0.86696276651336945     
  0.85834134996357192     
  0.84736991832776409     
  0.83425404497808286     
  0.81938598826908260     
  0.80334785862716795     
  0.78689501069009204     
  0.77088540752016677     
  0.75614156093702733     
  0.74329181899726549     
  0.73267249308098525     
  0.72433616603248163     
  0.71813959116854620     
  0.71384254792611102     
  0.71117341490478025     
  0.70983813420563169     
  0.70958440007928536     
  0.71009186833197802     
  0.70907693182659270     
  0.69999999999999996     
  0.69999999999999996     
  0.70109372396333303     
  0.70289649831554102     
  0.70522947885412512     
  0.70802310739453045     
  0.71123025252169803     
  0.71479499463810914     
  0.71865118615782364     
  0.72272715437526891     
  0.72695192168641887     
  0.73126083964586064     
  0.73559931728776107     
  0.73992426777250087     
  0.74420375163731323     
  0.74841564511729719     
  0.75254611489215717     
  0.75658836610999392     
  0.76054173660074187     
  0.76441097721287832     
  0.76820551028979156     
  0.77193826729566395     
  0.77562358449852953     
  0.77927591884996861     
  0.78290934679642499     
  0.78653631583663841     
  0.79016626306619187     
  0.79380448733109765     
  0.79745138355971035     
  0.80110205186125349     
  0.80474620779131278     
  0.80836824141671226     
  0.81194720328366343     
  0.81545647550193734     
  0.81886279569047837     
  0.82212417849695063     
  0.82518639318664522     
  0.82797797147402807     
  0.83040442011213911     
  0.83234287470102752     
  0.83363890025811571     
  0.83410746431473037     
  0.83354022026239949     
  0.83172049589077157     
  0.82844614870303612     
  0.82355587650037076     
  0.81695846622416091     
  0.80865811018165368     
  0.79877653840369311     
  0.78758014696870793     
  0.77550416392901100     
  0.76314185914178867     
  0.75116733898815191     
  0.74020297180327910     
  0.73069236383959124     
  0.72284385411504704     
  0.71666079047228215     
  0.71202070192145861     
  0.70874945690800151     
  0.70666441557164961     
  0.70558167235613989     
  0.70535398310161845     
  0.70580936161066132     
  0.70489860459257558     
  0.69999999999999996     
  0.69999999999999996     
  0.70088090659683955     
  0.70226171427233730     
  0.70401184133830097     
  0.70607771695040289     
  0.70842216836087502     
  0.71100285221245696     
  0.71377146736101704     
  0.71667730137272112     
  0.71967176709331038     
  0.72271225880552858     
  0.72576430074558784     
  0.72880181649943387     
  0.73180605580885927     
  0.73476400109501372     
  0.73766695863010268     
  0.74050966950071562     
  0.74328990849688203     
  0.74600835009708366     
  0.74866845628177914     
  0.75127604775767798     
  0.75383818098523248     
  0.75636251398518484     
  0.75885712243579617     
  0.76132974160405475     
  0.76378683983614648     
  0.76623277020701197     
  0.76866905884810932     
  0.77109383384890573     
  0.77350136140968206     
  0.77588162970014163     
  0.77821990295590338     
  0.78049617745354349     
  0.78268441591065674     
  0.78475133715031942     
  0.78665459362545676     
  0.78834033300156992     
  0.78974051206613360     
  0.79077061471452781     
  0.79132863659705754     
  0.79129640174711868     
  0.79054432482198256     
  0.78894018529246523     
  0.78636133903372807     
  0.78270829434264999     
  0.77791893249159771     
  0.77198689751697014     
  0.76498812027308505     
  0.75711485416444102     
  0.74869630081746774     
  0.74017494259545880     
  0.73202822805590795     
  0.72466459987953280     
  0.71834560516229373     
  0.71316876556289166     
  0.70910518742372641     
  0.70605782465735079     
  0.70390708953360948     
  0.70253479148698839     
  0.70182343165714156     
  0.70168249450253406     
  0.70196436881174906     
  0.70140062019331906     
  0.69999999999999996     
  0.69999999999999996     
  0.70065451573466608     
  0.70159273481723816     
  0.70273752226919373     
  0.70405699438174851     
  0.70552893926193039     
  0.70712865368430755     
  0.70882845392446037     
  0.71059976235324529     
  0.71241590294494661     
  0.71425441031373227     
  0.71609808096904559     
  0.71793463721033446     
  0.71975545163654076     
  0.72155404484976193     
  0.72332493529928987     
  0.72506307895278788     
  0.72676383709711090     
  0.72842325703099731     
  0.73003842990240631     
  0.73160766776503960     
  0.73313026135424753     
  0.73460646932439500     
  0.73603767840791123     
  0.73742616668073591     
  0.73877468198953067     
  0.74008595441959479     
  0.74136216105897990     
  0.74260434591054891     
  0.74381179966504085     
  0.74498140993857831     
  0.74610699830809113     
  0.74717867340860611     
  0.74818219400276953     
  0.74909826033406401     
  0.74990167372479788     
  0.75056039963223586     
  0.75103471540934574     
  0.75127675666723248     
  0.75123081270252068     
  0.75083478620480537     
  0.75002316704101024     
  0.74873147727664879     
  0.74690150978439818     
  0.74448672773324787     
  0.74145878208124227     
  0.73782186274456352     
  0.73363128020267077     
  0.72902206572681116     
  0.72421025511182746     
  0.71946068688090747     
  0.71503138953007594     
  0.71111894946052479     
  0.70782936193496504     
  0.70518264283705823     
  0.70314010993400811     
  0.70163572142413733     
  0.70059713427538117     
  0.69995704960835214     
  0.69964534533220513     
  0.69961181544262119     
  0.69967887522178907     
  0.69954475566345331     
  0.69999999999999996     
  0.69999999999999996     
  0.70042903948834190     
  0.70091946074862044     
  0.70145375870624005     
  0.70202673764842505     
  0.70263338776879403     
  0.70326811428729064     
  0.70392465254978032     
  0.70459652351053503     
  0.70527809724685997     
  0.70596556980531866     
  0.70665722469444514     
  0.70735278948089431     
  0.70805219413107512     
  0.70875428112264138     
  0.70945592040314720     
  0.71015172026960727     
  0.71083428478176280     
  0.71149483292775573     
  0.71212397152831164     
  0.71271244515659005     
  0.71325174831584626     
  0.71373472869294774     
  0.71415609891898912     
  0.71451272516898556     
  0.71480372688991589     
  0.71503039242806532     
  0.71519590111258635     
  0.71530485637464547     
  0.71536265786517750     
  0.71537477196488064     
  0.71534598971905339     
  0.71527976721723596     
  0.71517771946454745     
  0.71503929570093150     
  0.71486163221387000     
  0.71463959914142494     
  0.71436605113550067     
  0.71403229481555819     
  0.71362875093212486     
  0.71314577869359197     
  0.71257458689402897     
  0.71190809089113216     
  0.71114156543119855     
  0.71027310828397483     
  0.70930316923825565     
  0.70824042993367753     
  0.70710351194954169     
  0.70593917153872576     
  0.70480511051392725     
  0.70375452181673614     
  0.70282685953551971     
  0.70204389061729766     
  0.70141018447061709     
  0.70091715738075933     
  0.70054876040250291     
  0.70028669063847504     
  0.70011368283119735     
  0.70001516199685720     
  0.69997628001726042     
  0.69998609531950051     
  0.69996646471502033     
  0.70000572592398069     
  0.69999999999999996     
  0.69999999999999996     
  0.70016831615478736     
  0.70021497715316117     
  0.70017618257799596     
  0.70006478051410337     
  0.69989407558235106     
  0.69967811678240366     
  0.69943068634146721     
  0.69916473366387577     
  0.69889223237143594     
  0.69862429176533758     
  0.69837101375042698     
  0.69814082887910844     
  0.69793948230204161     
  0.69776905747465334     
  0.69762738281522219     
  0.69750799470075009     
  0.69740063901312377     
  0.69729216852406106     
  0.69716766523106066     
  0.69701168443190675     
  0.69680959265717202     
  0.69654866957734618     
  0.69621894362615777     
  0.69581394980056177     
  0.69533127829083252     
  0.69477281886959052     
  0.69414466758854887     
  0.69345670432297091     
  0.69272189053397537     
  0.69195539249350702     
  0.69117368982497440     
  0.69039382358290569     
  0.68963291352890033     
  0.68890805348621365     
  0.68823659321769048     
  0.68763674508068351     
  0.68712831867924939     
  0.68673329968202024     
  0.68647599293721739     
  0.68638250396349765     
  0.68647946023102646     
  0.68679209882841430     
  0.68734205648861191     
  0.68814508014688291     
  0.68921045070585008     
  0.69052811634754119     
  0.69206465259039418     
  0.69372746193566837     
  0.69539933653428210     
  0.69697007142463641     
  0.69835590882574317     
  0.69950841411024578     
  0.70041432615083310     
  0.70108798386475413     
  0.70156013136343753     
  0.70186729261703906     
  0.70204477410191402     
  0.70212290587954085     
  0.70213248279602458     
  0.70209620102300807     
  0.70216876456904109     
  0.70202363747697505     
  0.69999999999999996     
  0.69999999999999996     
  0.70016831615478736     
  0.70021497715316117     
  0.70017618257799596     
  0.70006478051410337     
  0.69989407558235106     
  0.69967811678240366     
  0.69943068634146721     
  0.69916473366387577     
  0.69889223237143594     
  0.69862429176533758     
  0.69837101375042698     
  0.69814082887910844     
  0.69793948230204161     
  0.69776905747465334     
  0.69762738281522219     
  0.69750799470075009     
  0.69740063901312377     
  0.69729216852406106     
  0.69716766523106066     
  0.69701168443190675     
  0.69680959265717202     
  0.69654866957734618     
  0.69621894362615777     
  0.69581394980056177     
  0.69533127829083252     
  0.69477281886959052     
  0.69414466758854887     
  0.69345670432297091     
  0.69272189053397537     
  0.69195539249350702     
  0.69117368982497440     
  0.69039382358290569     
  0.68963291352890033     
  0.68890805348621365     
  0.68823659321769048     
  0.68763674508068351     
  0.68712831867924939     
  0.68673329968202024     
  0.68647599293721739     
  0.68638250396349765     
  0.68647946023102646     
  0.68679209882841430     
  0.68734205648861191     
  0.68814508014688291     
  0.68921045070585008     
  0.69052811634754119     
  0.69206465259039418     
  0.69372746193566837     
  0.69539933653428210     
  0.69697007142463641     
  0.69835590882574317     
  0.69950841411024578     
  0.70041432615083310     
  0.70108798386475413     
  0.70156013136343753     
  0.70186729261703906     
  0.70204477410191402     
  0.70212290587954085     
  0.70213248279602458     
  0.70209620102300807     
  0.70216876456904109     
  0.70171156740449769     
