   0.0000000000000000     
  -2.4629700375188641E-002
  -3.5785979120403870E-002
  -4.8883974652374533E-002
  -6.1489864276770612E-002
  -7.3162915213132410E-002
  -8.3847320728398372E-002
  -9.3485553274737856E-002
 -0.10208257559587877     
 -0.10967611956247161     
 -0.11632009387001373     
 -0.12208179037467215     
 -0.12703815412656816     
 -0.13127042416706231     
 -0.13485912623690402     
 -0.13788026385507765     
 -0.14040273145656773     
 -0.14248666890521053     
 -0.14418244037192063     
 -0.14552999074259121     
 -0.14655848690180567     
 -0.14728605470030015     
 -0.14771940655094823     
 -0.14785463696522372     
 -0.14767761688092593     
 -0.14716434344237667     
 -0.14628152832257346     
 -0.14498750806854199     
 -0.14323353598134686     
 -0.14096548925885841     
 -0.13812598179491264     
 -0.13465682729847342     
 -0.13050176596213739     
 -0.12560935980613705     
 -0.11993599392143001     
 -0.11344901151985698     
 -0.10613011329594105     
  -9.7979206368149288E-002
  -8.9018896193553049E-002
  -7.9299787665096821E-002
  -6.8906833688995153E-002
  -5.7967167115192300E-002
  -4.6659888221577933E-002
  -3.5227403576442030E-002
  -2.3985012512287712E-002
  -1.3322574104347566E-002
  -3.6495912263785394E-003
   4.6357682040554429E-003
   1.1284071871742294E-002
   1.6210374533098475E-002
   1.9522983451379913E-002
   2.1479407790493208E-002
   2.2381355482967744E-002
   2.2467230478227761E-002
   2.1858536499753067E-002
   2.0576991792128491E-002
   1.8602676788148802E-002
   1.5942403156010698E-002
   1.2649967670804148E-002
   8.8910904208161327E-003
   4.6899066434491999E-003
   5.7986358266754183E-004
   5.7986358266754183E-004
   0.0000000000000000     
  -2.5231864038266820E-002
  -3.6783220885080063E-002
  -5.0190059817274223E-002
  -6.3085742289246238E-002
  -7.5030368222372981E-002
  -8.5966371144093251E-002
  -9.5834426526618291E-002
 -0.10463729616851916     
 -0.11241091010322993     
 -0.11920810579416534     
 -0.12509600924264003     
 -0.13015233697305528     
 -0.13445989100765326     
 -0.13810128909883604     
 -0.14115485747487996     
 -0.14369176935179045     
 -0.14577418016003094     
 -0.14745405355477914     
 -0.14877242979430305     
 -0.14975901735122804     
 -0.15043192504450170     
 -0.15079757113477360     
 -0.15085150082490195     
 -0.15057883457539720     
 -0.14995474648844437     
 -0.14894518891618624     
 -0.14750791455605283     
 -0.14559383201701698     
 -0.14314871232923185     
 -0.14011523359131572     
 -0.13643531981722448     
 -0.13205271117662712     
 -0.12691570685888362     
 -0.12098006471386163     
 -0.11421213276600495     
 -0.10659239086180786     
  -9.8119641607593525E-002
  -8.8816040446777739E-002
  -7.8733040617601058E-002
  -6.7958274549147615E-002
  -5.6623466569938094E-002
  -4.4913606989602145E-002
  -3.3077311550209272E-002
  -2.1436053293384064E-002
  -1.0383252156055584E-002
  -3.6631763288569189E-004
   8.1827508178816660E-003
   1.4935111073907178E-002
   1.9770279371247500E-002
   2.2807674040557599E-002
   2.4350918141716808E-002
   2.4765625955129964E-002
   2.4353497149054180E-002
   2.3283422583275214E-002
   2.1601967535622685E-002
   1.9293814419276030E-002
   1.6358827936042514E-002
   1.2838799035744324E-002
   8.9081306064483050E-003
   4.5850170250300573E-003
   7.9008472144222934E-004
   7.9008472144222934E-004
   0.0000000000000000     
  -2.4930782206727731E-002
  -3.6284600002741967E-002
  -4.9537017234824378E-002
  -6.2287803283008425E-002
  -7.4096641717752695E-002
  -8.4906845936245812E-002
  -9.4659989900678074E-002
 -0.10335993588219897     
 -0.11104351483285077     
 -0.11776409983208953     
 -0.12358889980865609     
 -0.12859524554981172     
 -0.13286515758735779     
 -0.13648020766787003     
 -0.13951756066497881     
 -0.14204725040417909     
 -0.14413042453262073     
 -0.14581824696334988     
 -0.14715121026844713     
 -0.14815875212651686     
 -0.14885898987240093     
 -0.14925848884286091     
 -0.14935306889506283     
 -0.14912822572816156     
 -0.14855954496541052     
 -0.14761335861937985     
 -0.14624771131229741     
 -0.14441368399918192     
 -0.14205710079404513     
 -0.13912060769311418     
 -0.13554607355784895     
 -0.13127723856938225     
 -0.12626253333251033     
 -0.12045802931764582     
 -0.11383057214293096     
 -0.10636125207887445     
  -9.8049423987871406E-002
  -8.8917468320165394E-002
  -7.9016414141348940E-002
  -6.8432554119071384E-002
  -5.7295316842565197E-002
  -4.5786747605590039E-002
  -3.4152357563325651E-002
  -2.2710532902835888E-002
  -1.1852913130201575E-002
  -2.0079544296321156E-003
   6.4092595109685544E-003
   1.3109591472824736E-002
   1.7990326952172987E-002
   2.1165328745968756E-002
   2.2915162966105008E-002
   2.3573490719048854E-002
   2.3410363813640971E-002
   2.2570979541514141E-002
   2.1089479663875588E-002
   1.8948245603712416E-002
   1.6150615546026606E-002
   1.2744383353274236E-002
   8.8996105136322189E-003
   4.6374618342396286E-003
   6.8497415205488559E-004
   6.8497415205488559E-004
   0.0000000000000000     
  -2.5081323122497275E-002
  -3.6533910443911015E-002
  -4.9863538526049300E-002
  -6.2686772786127332E-002
  -7.4563504970062838E-002
  -8.5436608540169531E-002
  -9.5247208213648182E-002
 -0.10399861602535906     
 -0.11172721246804035     
 -0.11848610281312744     
 -0.12434245452564806     
 -0.12937379126143350     
 -0.13366252429750552     
 -0.13729074838335303     
 -0.14033620906992939     
 -0.14286950987798477     
 -0.14495230234632583     
 -0.14663615025906451     
 -0.14796182003137509     
 -0.14895888473887245     
 -0.14964545745845131     
 -0.15002802998881726     
 -0.15010228485998239     
 -0.14985353015177938     
 -0.14925714572692744     
 -0.14827927376778305     
 -0.14687781293417512     
 -0.14500375800809945     
 -0.14260290656163849     
 -0.13961792064221495     
 -0.13599069668753672     
 -0.13166497487300469     
 -0.12658912009569698     
 -0.12071904701575373     
 -0.11402135245446796     
 -0.10647682147034115     
  -9.8084532797732465E-002
  -8.8866754383471566E-002
  -7.8874727379474999E-002
  -6.8195414334109500E-002
  -5.6959391706251646E-002
  -4.5350177297596092E-002
  -3.3614834556767462E-002
  -2.2073293098109976E-002
  -1.1118082643128580E-002
  -1.1871360312589038E-003
   7.2960051644251102E-003
   1.4022351273365957E-002
   1.8880303161710243E-002
   2.1986501393263178E-002
   2.3633040553910908E-002
   2.4169558337089409E-002
   2.3881930481347576E-002
   2.2927201062394677E-002
   2.1345723599749136E-002
   1.9121030011494223E-002
   1.6254721741034560E-002
   1.2791591194509280E-002
   8.9038705600402619E-003
   4.6112394296348429E-003
   7.3752943674855746E-004
   7.3752943674855746E-004
   0.0000000000000000     
  -2.5621311606917559E-002
  -3.7518124470881584E-002
  -5.1204218452774869E-002
  -6.4356175118669923E-002
  -7.6549183558568518E-002
  -8.7724004965141628E-002
  -9.7817233790192193E-002
 -0.10682781835513500     
 -0.11478865189465400     
 -0.12175052791761165     
 -0.12777961378487177     
 -0.13295371084468338     
 -0.13735657205687574     
 -0.14107236735361392     
 -0.14418129084698433     
 -0.14675644662393292     
 -0.14886179081955259     
 -0.15055082840210640     
 -0.15186580894666885     
 -0.15283728377540573     
 -0.15348381865993466     
 -0.15381197999599580     
 -0.15381720710185950     
 -0.15348431265954349     
 -0.15278802252621052     
 -0.15169376648121446     
 -0.15015876406711165     
 -0.14813343003896953     
 -0.14556310259163024     
 -0.14239006816414185     
 -0.13855583212874198     
 -0.13400357581474853     
 -0.12868075601253282     
 -0.12254186010100800     
 -0.11555143296931025     
 -0.10768760618072185     
  -9.8946435496669816E-002
  -8.9347305184140108E-002
  -7.8939518767707662E-002
  -6.7810034341931502E-002
  -5.6092201545131178E-002
  -4.3975280988450244E-002
  -3.1714279922140820E-002
  -1.9638345139151803E-002
  -8.1519645250778938E-003
   2.2832106594930838E-003
   1.1202950956536367E-002
   1.8234462967374552E-002
   2.3201533881825873E-002
   2.6184939144964725E-002
   2.7491194632831346E-002
   2.7532732601739444E-002
   2.6680952454385468E-002
   2.5168503822576356E-002
   2.3081148091286866E-002
   2.0416086137288479E-002
   1.7169791598694618E-002
   1.3372582087056589E-002
   9.1981739571336957E-003
   4.6417667859104733E-003
   6.7883310614469828E-004
   6.7883310614469828E-004
   0.0000000000000000     
  -2.6542696893381051E-002
  -3.9211210048276698E-002
  -5.3525571745996640E-002
  -6.7263294681696700E-002
  -8.0025870258626799E-002
  -9.1749610801744957E-002
 -0.10236207642269703     
 -0.11185322310650803     
 -0.12024840448513549     
 -0.12759306675607607     
 -0.13395058089988976     
 -0.13939848127506702     
 -0.14402239739491945     
 -0.14790989927057030     
 -0.15114541593193587     
 -0.15380649802783183     
 -0.15596127691464412     
 -0.15766683721761648     
 -0.15896823168940927     
 -0.15989795885637856     
 -0.16047565812047426     
 -0.16070832450419498     
 -0.16059130429349480     
 -0.16010892227454676     
 -0.15923518933375846     
 -0.15793477270953712     
 -0.15616424829765937     
 -0.15387362834750648     
 -0.15100813064575946     
 -0.14751012640391475     
 -0.14332119220774339     
 -0.13838420913189495     
 -0.13264550445293083     
 -0.12605712801710134     
 -0.11857949474724204     
 -0.11018477370352957     
 -0.10086150833819854     
  -9.0620905214207376E-002
  -7.9505017411348050E-002
  -6.7596689033455379E-002
  -5.5030702161500265E-002
  -4.2005077024127493E-002
  -2.8791177567922030E-002
  -1.5740492587575275E-002
  -3.2851024636984475E-003
   8.0756576118698638E-003
   1.7818933877053248E-002
   2.5482807222670410E-002
   3.0783609645967696E-002
   3.3717165955615407E-002
   3.4576001773388376E-002
   3.3849224379615211E-002
   3.2047575698059341E-002
   2.9547918288453098E-002
   2.6536113921633221E-002
   2.3049927025121264E-002
   1.9083880324934799E-002
   1.4645477620381750E-002
   9.8962512930326034E-003
   4.7950788361261609E-003
   3.7766696691091247E-004
   3.7766696691091247E-004
   0.0000000000000000     
  -2.7817264719524559E-002
  -4.1565336072697016E-002
  -5.6769223982454063E-002
  -7.1348005594043945E-002
  -8.4939746709889768E-002
  -9.7473485671423249E-002
 -0.10886231462768936     
 -0.11908103547231930     
 -0.12814144866547186     
 -0.13607849781978740     
 -0.14294894031962607     
 -0.14882778528039781     
 -0.15380180180230874     
 -0.15796250354996166     
 -0.16140002008635185     
 -0.16419834615533094     
 -0.16643196471161723     
 -0.16816361977695210     
 -0.16944296727173505     
 -0.17030587688145293     
 -0.17077408296901686     
 -0.17085573317363331     
 -0.17054660150873382     
 -0.16983094956841949     
 -0.16868253178212961     
 -0.16706587571267781     
 -0.16493781065213181     
 -0.16224918184294762     
 -0.15894665048407283     
 -0.15497445009331104     
 -0.15027597419409783     
 -0.14479512855637119     
 -0.13847750192090552     
 -0.13127159030231228     
 -0.12313053950783262     
 -0.11401510363045114     
 -0.10389866349539822     
  -9.2775089308737929E-002
  -8.0669852811810550E-002
  -6.7654156022628448E-002
  -5.3860898870779952E-002
  -3.9500331242479828E-002
  -2.4872742371669782E-002
  -1.0373702174040864E-002
   3.5077269192579134E-003
   1.6207188836585344E-002
   2.7126153218752551E-002
   3.5705251768428502E-002
   4.1539798432020540E-002
   4.4511545739794850E-002
   4.4864610966050031E-002
   4.3151490163417440E-002
   4.0048467512330974E-002
   3.6134336393100791E-002
   3.1757003272023208E-002
   2.7036849559692940E-002
   2.1982567551489359E-002
   1.6577397361987090E-002
   1.0962342867669974E-002
   5.0452864423607812E-003
  -1.1449222930898332E-004
  -1.1449222930898332E-004
   0.0000000000000000     
  -2.9395595153125877E-002
  -4.4498627398489990E-002
  -6.0835372917982661E-002
  -7.6505580971239801E-002
  -9.1193741920478952E-002
 -0.10481846537420683     
 -0.11727170293782617     
 -0.12850468338148247     
 -0.13850662462378566     
 -0.14729343087467611     
 -0.15490808449234017     
 -0.16141785278756821     
 -0.16690758218363544     
 -0.17147169786676561     
 -0.17520665935853053     
 -0.17820470031159391     
 -0.18054910364689852     
 -0.18231093133810941     
 -0.18354698665455071     
 -0.18429874730921189     
 -0.18459189567550680     
 -0.18443733785059199     
 -0.18383275970635077     
 -0.18276388005424118     
 -0.18120594962757575     
 -0.17912553288899641     
 -0.17648245620194530     
 -0.17323175179419920     
 -0.16932537359975552     
 -0.16471343617318684     
 -0.15934477038458009     
 -0.15316673205739534     
 -0.14612445881574118     
 -0.13816011827079927     
 -0.12921308640382645     
 -0.11922235131364690     
 -0.10813258356919656     
  -9.5905099080941428E-002
  -8.2534178587446008E-002
  -6.8068245877550657E-002
  -5.2633587660044001E-002
  -3.6457693045921745E-002
  -1.9886578609435983E-002
  -3.3901161670984743E-003
   1.2440111771894403E-002
   2.6930294394401946E-002
   3.9373248475443677E-002
   4.9102026369680168E-002
   5.5598425831442352E-002
   5.8634721064455407E-002
   5.8394936429792876E-002
   5.5478458962210944E-002
   5.0731029017617418E-002
   4.4969321065175177E-002
   3.8757959169840352E-002
   3.2349198323488676E-002
   2.5796548324728365E-002
   1.9071116535798713E-002
   1.2304127149536921E-002
   5.3417715010876448E-003
  -6.9676469756469687E-004
  -6.9676469756469687E-004
   0.0000000000000000     
  -3.1201062280291299E-002
  -4.7881854657312137E-002
  -6.5562303543071410E-002
  -8.2559350359253103E-002
  -9.8613556678749992E-002
 -0.11363029057380573     
 -0.12747282498164608     
 -0.14005794962636320     
 -0.15133944431549690     
 -0.16130089557298627     
 -0.16995927867632779     
 -0.17736409223960956     
 -0.18359113519768025     
 -0.18873370547669527     
 -0.19289337464836229     
 -0.19617164174447788     
 -0.19866313792793594     
 -0.20045060752647995     
 -0.20160161571374452     
 -0.20216674055744682     
 -0.20217881248906311     
 -0.20165460503365262     
 -0.20059695156548385     
 -0.19899667725314443     
 -0.19683491542730286     
 -0.19408563382004518     
 -0.19071804678026158     
 -0.18669852977575935     
 -0.18199162712121508     
 -0.17655980231256263     
 -0.17036175891424338     
 -0.16334947254758675     
 -0.15546451169530365     
 -0.14663474159774501     
 -0.13677305869700657     
 -0.12578021983526755     
 -0.11355381083593688     
 -0.10000470662074193     
  -8.5081031828490819E-002
  -6.8798568236731486E-002
  -5.1273898439268654E-002
  -3.2759021361198508E-002
  -1.3661831343669800E-002
   5.4340066255729024E-003
   2.3791481327984070E-002
   4.0569378809592264E-002
   5.4897696176552810E-002
   6.5973236308752570E-002
   7.3173081773621515E-002
   7.6192362417690396E-002
   7.5181965765558509E-002
   7.0795190615110040E-002
   6.4046656094422394E-002
   5.6003843665152868E-002
   4.7480991021485772E-002
   3.8904012961179207E-002
   3.0410201614896805E-002
   2.1987533414097222E-002
   1.3796342048991080E-002
   5.6216828457469692E-003
  -1.2438238734068180E-003
  -1.2438238734068180E-003
   0.0000000000000000     
  -3.3124143498246023E-002
  -5.1526391402557284E-002
  -7.0707314042529487E-002
  -8.9233785231913693E-002
 -0.10691265888558686     
 -0.12363531274191709     
 -0.13922959030373988     
 -0.15356552450410521     
 -0.16654475221699150     
 -0.17809932498001088     
 -0.18820064166058115     
 -0.19686259820453386     
 -0.20413750344954851     
 -0.21010744090287040     
 -0.21487356876202096     
 -0.21854520749487985     
 -0.22123005069924229     
 -0.22302639619980119     
 -0.22401770505778165     
 -0.22426941339021808     
 -0.22382760114018199     
 -0.22272166451381664     
 -0.22096722324521217     
 -0.21856887695550203     
 -0.21552330572383843     
 -0.21182217699581837     
 -0.20745426791642324     
 -0.20240625945479004     
 -0.19666180246212808     
 -0.19019871355009479     
 -0.18298448382030807     
 -0.17497063561341414     
 -0.16608685208452151     
 -0.15623633353372435     
 -0.14529455669979485     
 -0.13311413510047940     
 -0.11953809045119447     
 -0.10442227443694342     
  -8.7665880645903041E-002
  -6.9248481989618416E-002
  -4.9271804101115792E-002
  -2.8004996540354869E-002
  -5.9217465162458589E-003
   1.6270599755333046E-002
   3.7664350898123276E-002
   5.7194396235392790E-002
   7.3754285849918583E-002
   8.6345158438284372E-002
   9.4224823303358241E-002
   9.7046891741850438E-002
   9.4987164968186447E-002
   8.8796518078004968E-002
   7.9673445114232452E-002
   6.8936061726638603E-002
   5.7654074102060512E-002
   4.6449246653187781E-002
   3.5580771261002994E-002
   2.5098634582193143E-002
   1.5259902478225902E-002
   5.8035774521306219E-003
  -1.5935640789175639E-003
  -1.5935640789175639E-003
   0.0000000000000000     
  -3.5020811458891285E-002
  -5.5178610773868902E-002
  -7.5935202481151626E-002
  -9.6134705481382823E-002
 -0.11566242313229219     
 -0.13440018111841728     
 -0.15213812531501686     
 -0.16868909257147430     
 -0.18388407525766015     
 -0.19757846569509352     
 -0.20966886181500924     
 -0.22010345200821418     
 -0.22888337743809734     
 -0.23605699447280673     
 -0.24170931906791093     
 -0.24594881281029740     
 -0.24889425489082162     
 -0.25066355639078081     
 -0.25136473097893042     
 -0.25109019813006495     
 -0.24991388304282086     
 -0.24789391975413955     
 -0.24507465089046163     
 -0.24148839929732463     
 -0.23715788796909898     
 -0.23209865635701118     
 -0.22632078395379163     
 -0.21982929227500106     
 -0.21262288989868930     
 -0.20469100870393225     
 -0.19600925041603556     
 -0.18653346370061225     
 -0.17619296311955757     
 -0.16488433665483462     
 -0.15246877214484467     
 -0.13877665082756130     
 -0.12362166757517409     
 -0.10682370831301219     
  -8.8237865022700243E-002
  -6.7789901128419677E-002
  -4.5523396709683611E-002
  -2.1658161308540730E-002
   3.3247792448401793E-003
   2.8670208926127674E-002
   5.3295606677455726E-002
   7.5860127038949607E-002
   9.4930406143563795E-002
  0.10921279005080048     
  0.11778141488139690     
  0.12024874773447586     
  0.11687089948415222     
  0.10856319541625439     
   9.6745603786604892E-002
   8.2987819797670337E-002
   6.8602776931089418E-002
   5.4412682248945542E-002
   4.0833656853332678E-002
   2.8037504183103360E-002
   1.6453733703498931E-002
   5.8033447963478854E-003
  -1.5789388551062599E-003
  -1.5789388551062599E-003
   0.0000000000000000     
  -3.6716848421822712E-002
  -5.8524919178046822E-002
  -8.0819693861306552E-002
 -0.10274197085027020     
 -0.12427097192057528     
 -0.14529282287641096     
 -0.16556825804514547     
 -0.18485121536067925     
 -0.20288791534150352     
 -0.21942990511038735     
 -0.23426022728669554     
 -0.24721474017078407     
 -0.25819420395808518     
 -0.26716720774370784     
 -0.27416417082564259     
 -0.27926579806201690     
 -0.28259125079788611     
 -0.28428269422240682     
 -0.28448972579239895     
 -0.28335827372368555     
 -0.28101741923296863     
 -0.27757298467874636     
 -0.27310338677202933     
 -0.26766102334724606     
 -0.26127946412044356     
 -0.25398335888005275     
 -0.24579777625789426     
 -0.23675435471174108     
 -0.22689334781750931     
 -0.21626108982508677     
 -0.20490286394173143     
 -0.19285140091393432     
 -0.18011197785331112     
 -0.16664712769604650     
 -0.15236617783441181     
 -0.13712448065172583     
 -0.12073253831032930     
 -0.10297061240030281     
  -8.3605526389442311E-002
  -6.2417615978241740E-002
  -3.9251695420922161E-002
  -1.4113819209540718E-002
   1.2701026976176231E-002
   4.0482920245767148E-002
   6.8009143146321158E-002
   9.3613311627899820E-002
  0.11541557202441982     
  0.13167752115683037     
  0.14116093207738228     
  0.14337380826888874     
  0.13866474066439510     
  0.12816743097377864     
  0.11356755881046002     
   9.6694830270934631E-002
   7.9094590604727844E-002
   6.1797922601127889E-002
   4.5420868298795283E-002
   3.0325886772079789E-002
   1.7143281342192923E-002
   5.6007602623703353E-003
  -1.1601260092082997E-003
  -1.1601260092082997E-003
   0.0000000000000000     
  -3.8019338446114978E-002
  -6.1211406707361561E-002
  -8.4864608929483970E-002
 -0.10842454029898364     
 -0.13198348163869569     
 -0.15545909959215909     
 -0.17860910220253334     
 -0.20114627981085520     
 -0.22273486447816490     
 -0.24300522620854711     
 -0.26158668220070558     
 -0.27814092024694143     
 -0.29239018607976441     
 -0.30413737941636393     
 -0.31327443278216971     
 -0.31979556558512212     
 -0.32379172006873508     
 -0.32540646834408760     
 -0.32484164042917302     
 -0.32231329615436244     
 -0.31798998316964161     
 -0.31197922114118770     
 -0.30434413640866753     
 -0.29513494640192384     
 -0.28442375562260153     
 -0.27232979017484749     
 -0.25902804783908123     
 -0.24474304362718097     
 -0.22973216330508492     
 -0.21426271603254837     
 -0.19858667075041841     
 -0.18291420187189128     
 -0.16738706378907717     
 -0.15205568063267799     
 -0.13686541031005686     
 -0.12165358801279191     
 -0.10615138798684981     
  -8.9982913942148635E-002
  -7.2666134718504083E-002
  -5.3635270966214697E-002
  -3.2322887202267489E-002
  -8.2991184161463928E-003
   1.8490951964293859E-002
   4.7440899206177223E-002
   7.7195228268944371E-002
  0.10569485538389489     
  0.13047964669932755     
  0.14919791498056456     
  0.16014171130417193     
  0.16260879657928184     
  0.15700260522193943     
  0.14468701659109096     
  0.12763494724249316     
  0.10794422174276699     
   8.7401696064407799E-002
   6.7287050272630544E-002
   4.8475186465631724E-002
   3.1563660892038409E-002
   1.7282335670582696E-002
   5.3419344160801014E-003
  -6.2778736526239226E-004
  -6.2778736526239226E-004
   0.0000000000000000     
  -3.8737141857671527E-002
  -6.2881906047671660E-002
  -8.7552626964177954E-002
 -0.11249226253089993     
 -0.13792661094188938     
 -0.16384602627764117     
 -0.19005491978817893     
 -0.21627389157952237     
 -0.24212379152958477     
 -0.26713066107456307     
 -0.29075389649254851     
 -0.31242333599623895     
 -0.33158177431027297     
 -0.34772820248033004     
 -0.36047335173451500     
 -0.36963698591086763     
 -0.37509980757021960     
 -0.37670040268748661     
 -0.37456830071123082     
 -0.36881113761004097     
 -0.35950445649138785     
 -0.34681405251399267     
 -0.33104259395289548     
 -0.31262933745352695     
 -0.29214357684469777     
 -0.27026033875627964     
 -0.24769857778137516     
 -0.22516136861834246     
 -0.20327270087789037     
 -0.18254003217710674     
 -0.16334095070784171     
 -0.14591615945906397     
 -0.13036027179012871     
 -0.11661199841307821     
 -0.10444738104293672     
  -9.3473934586584206E-002
  -8.3119417745688956E-002
  -7.2617895628617840E-002
  -6.1016054261321673E-002
  -4.7231888221120018E-002
  -3.0203701802105062E-002
  -9.1017836990676809E-003
   1.6388386720859453E-002
   4.5700611065695493E-002
   7.7269346319747897E-002
  0.10856861417954981     
  0.13649693984349190     
  0.15803811274676843     
  0.17096438534901884     
  0.17431348888645457     
  0.16850047407166763     
  0.15508553721069476     
  0.13630373785916405     
  0.11451531923529819     
   9.1781775457865769E-002
   6.9696769537224340E-002
   4.9427623881479497E-002
   3.1744696121444912E-002
   1.7201487438803474E-002
   5.3617137201237581E-003
  -6.4733102322760334E-004
  -6.4733102322760334E-004
   0.0000000000000000     
  -3.8709263488684968E-002
  -6.3232190283451242E-002
  -8.8421508166226931E-002
 -0.11429043895728308     
 -0.14121357024602568     
 -0.16930207880994355     
 -0.19847653329867343     
 -0.22854993947867835     
 -0.25919151340938951     
 -0.28990752330903991     
 -0.32004427757436826     
 -0.34880166941675594     
 -0.37527097923493302     
 -0.39849548416360303     
 -0.41766981896682587     
 -0.43206753180902491     
 -0.44026806970102772     
 -0.44076627492620224     
 -0.43242967641202446     
 -0.41503966652898383     
 -0.39001027887925310     
 -0.35951566506171795     
 -0.32567330580987641     
 -0.29026713295424245     
 -0.25479835947874041     
 -0.22064776541532272     
 -0.18904854923483189     
 -0.16090921392422566     
 -0.13670999267589973     
 -0.11659717034565951     
 -0.10050239795923557     
  -8.8208769114847943E-002
  -7.9365342520031898E-002
  -7.3472322117685118E-002
  -6.9858259421237634E-002
  -6.7662789962856879E-002
  -6.5832599422574606E-002
  -6.3140153972610497E-002
  -5.8239479077442272E-002
  -4.9772529553328157E-002
  -3.6538332279593674E-002
  -1.7725584700832984E-002
   6.8998359862062625E-003
   3.6677425939759922E-002
   6.9798749791099929E-002
  0.10336807585060483     
  0.13383142817596588     
  0.15771377719155893     
  0.17242003711028625     
  0.17679103294927301     
  0.17123142412649803     
  0.15742568115409203     
  0.13780111272197215     
  0.11495896181681618     
   9.1263844427346572E-002
   6.8635743893374762E-002
   4.8442789418989322E-002
   3.1396271393869676E-002
   1.7517029061674030E-002
   5.9830719943625424E-003
  -1.8604618665144829E-003
  -1.8604618665144829E-003
   0.0000000000000000     
  -3.7834622119319997E-002
  -6.2067819215455414E-002
  -8.7152014551039339E-002
 -0.11332199481895477     
 -0.14110195804143250     
 -0.17076387574182411     
 -0.20241586464985400     
 -0.23606850690401390     
 -0.27158089363921017     
 -0.30861313652767286     
 -0.34658673169047627     
 -0.38463340353996378     
 -0.42160390613258442     
 -0.45605464066264101     
 -0.48647565543390564     
 -0.50833094205109619     
 -0.51741587266584510     
 -0.51175057472619878     
 -0.47716580875245301     
 -0.42232913331761390     
 -0.36098602343765662     
 -0.30143772058613050     
 -0.24699032881901278     
 -0.19836406657437639     
 -0.15538750878485161     
 -0.11840482082491571     
  -8.9290487657043338E-002
  -6.8011969597075506E-002
  -5.3579072174762044E-002
  -4.4833741723090292E-002
  -4.0739358366615158E-002
  -4.0410951482245112E-002
  -4.3023625889359367E-002
  -4.7703870189841666E-002
  -5.3470690808198190E-002
  -5.9236442243355114E-002
  -6.3836063863755524E-002
  -6.6057801965408544E-002
  -6.4680154897946679E-002
  -5.8542511734985252E-002
  -4.6675576212839201E-002
  -2.8496301506402890E-002
  -3.9941640268408860E-003
   2.6055716875440622E-002
   5.9742373560739678E-002
   9.4075849564190711E-002
  0.12539957318519535     
  0.15012141181685457     
  0.16553458471658988     
  0.17040764167253988     
  0.16513394443516016     
  0.15144951522851013     
  0.13190076414668017     
  0.10928816900421295     
   8.6224797028901068E-002
   6.4809764044980678E-002
   4.6358127191728327E-002
   3.1216303588700693E-002
   1.8654230655641500E-002
   7.2118994053760304E-003
  -4.2791692977112465E-003
  -4.2791692977112465E-003
   0.0000000000000000     
  -3.6092891294735148E-002
  -5.9345976068714751E-002
  -8.3638665865622255E-002
 -0.10936013704728749     
 -0.13716334930082580     
 -0.16749486194216973     
 -0.20069438636673850     
 -0.23705567267869687     
 -0.27677393977845677     
 -0.31989264277586554     
 -0.36623856089076667     
 -0.41531222490443320     
 -0.46627438975089064     
 -0.51701024403197460     
 -0.56219964832137270     
 -0.57771169501807917     
 -0.57318656889073849     
 -0.55944784608007636     
 -0.44036235027229387     
 -0.31281887879930692     
 -0.21722712415547540     
 -0.15286270601701321     
 -0.10892705728490058     
  -7.5862886518130446E-002
  -4.7062955341598711E-002
  -1.8999115362845716E-002
  -5.9772829944428662E-003
  -1.4049210217760579E-003
  -2.0962998162811020E-003
  -6.3423144989335350E-003
  -1.3270427547153935E-002
  -2.2306417543164991E-002
  -3.2769128828872868E-002
  -4.3762523749150670E-002
  -5.4266607758957919E-002
  -6.3268708482101019E-002
  -6.9823043665733123E-002
  -7.3029742099743236E-002
  -7.1999865120457474E-002
  -6.5877954141625866E-002
  -5.3951774721482812E-002
  -3.5833401910093390E-002
  -1.1655414014165661E-002
   1.7720782777489688E-002
   5.0414856905636296E-002
   8.3570944729801366E-002
  0.11372023421336400     
  0.13745278385349702     
  0.15219412536940791     
  0.15678248044503351     
  0.15163666235991308     
  0.13851276666947848     
  0.12001110181156668     
   9.9018829767898817E-002
   7.8194817226439936E-002
   5.9530329454671495E-002
   4.4013160871152736E-002
   3.1458199566097647E-002
   2.0432563708989489E-002
   8.6834141820801292E-003
  -7.1793722677204741E-003
  -7.1793722677204741E-003
   0.0000000000000000     
  -3.3547840518301217E-002
  -5.5184296505340590E-002
  -7.8014819471485919E-002
 -0.10250654440408799     
 -0.12939877166669078     
 -0.15928996642021348     
 -0.19274304259904648     
 -0.23035239365947480     
 -0.27271759465638978     
 -0.32042831904731867     
 -0.37405254707951274     
 -0.43413030320190249     
 -0.50094691780491696     
 -0.56851585452292186     
 -0.61486796604551708     
 -0.55453034517479960     
 -0.49666897448430575     
 -0.49411067199242620     
 -0.23469262034045704     
  -9.0863324789945965E-002
  -4.9487285647579309E-002
  -5.0831351326404366E-002
  -5.4493391472725333E-002
  -4.7392380841312851E-002
  -2.7586908126690565E-002
   2.5946298518036620E-002
   2.6231745397918459E-002
   2.5920146261806255E-002
   1.8232596427612057E-002
   6.7189531162435831E-003
  -6.7414070699572956E-003
  -2.1142792850587410E-002
  -3.5502548238011161E-002
  -4.8804784322085709E-002
  -6.0171435478810667E-002
  -6.8948416506531385E-002
  -7.4633974903882724E-002
  -7.6736532481503625E-002
  -7.4686584154903077E-002
  -6.7865620235217958E-002
  -5.5739787582057235E-002
  -3.8050946809735683E-002
  -1.5016338585697305E-002
   1.2475810244577643E-002
   4.2667624257451603E-002
   7.2965284042455780E-002
  0.10026050149255480     
  0.12152324759031613     
  0.13449205560532485     
  0.13820108863442002     
  0.13314926667768476     
  0.12109210247363617     
  0.10457700622228977     
   8.6371653814984087E-002
   6.8905530336443602E-002
   5.3813964167485739E-002
   4.1645616846520482E-002
   3.1741191795603294E-002
   2.2182768773600023E-002
   9.9188999022380656E-003
  -9.6107001936895104E-003
  -9.6107001936895104E-003
   0.0000000000000000     
  -3.0331422162403553E-002
  -4.9832052094977458E-002
  -7.0619708705125558E-002
  -9.3166774945051031E-002
 -0.11824373095190968     
 -0.14654721946327903     
 -0.17880125820115664     
 -0.21583078193394239     
 -0.25856650186909952     
 -0.30808211719911444     
 -0.36569858592610338     
 -0.43316689387126978     
 -0.51030348477701670     
 -0.57154004538804415     
 -0.56254808191850780     
 -0.31728910576262348     
 -0.10757500130115495     
   7.4816947643417731E-002
 -0.15965641292011629     
 -0.19765805345927626     
 -0.13700567011857606     
  -9.7416984315218863E-002
  -7.9366444030047362E-002
  -7.6389465743459270E-002
  -7.9494448781841504E-002
  -4.4700834850209981E-002
  -6.5758451745200784E-003
   3.4544919208129299E-002
   2.8723611410314848E-002
   1.2440707094014116E-002
  -6.0703218540018120E-003
  -2.3987756731431886E-002
  -3.9998510236599095E-002
  -5.3303614368880280E-002
  -6.3516312992626500E-002
  -7.0552238212156823E-002
  -7.4397698055419625E-002
  -7.4903390285458143E-002
  -7.1721777438248480E-002
  -6.4391768470828475E-002
  -5.2508052709090661E-002
  -3.5913956916369429E-002
  -1.4884064264627486E-002
   9.7137895871571289E-003
   3.6303406923911929E-002
   6.2622589829908176E-002
   8.6017227660846934E-002
  0.10394642133449367     
  0.11456559656745924     
  0.11717917613476329     
  0.11238461852165747     
  0.10187431133636723     
   8.7990330523308027E-002
   7.3170877307752305E-002
   5.9429304883953878E-002
   4.7966411029780470E-002
   3.8952133267629405E-002
   3.1423838868437130E-002
   2.3201356899143516E-002
   1.0594675630269144E-002
  -1.0930541584849008E-002
  -1.0930541584849008E-002
   0.0000000000000000     
  -2.6614584444844176E-002
  -4.3614004145898284E-002
  -6.1919011277515507E-002
  -8.1950102167825389E-002
 -0.10445377456524650     
 -0.13015772594697356     
 -0.15985667964288511     
 -0.19448281576341742     
 -0.23512133927281756     
 -0.28305119960777719     
 -0.33984824559254989     
 -0.40680470355716691     
 -0.47297357681737096     
 -0.44222246640309426     
 -0.20020947288479224     
 -0.11287796633971112     
 -0.12628279347370297     
 -0.10605357763884241     
 -0.13674759952935606     
 -0.11971257508455470     
  -9.1803475105309687E-002
  -7.3311444526142758E-002
  -6.3967066278185464E-002
  -5.9643059597434121E-002
  -5.6424106654325547E-002
  -5.3130141601142114E-002
  -4.7709491179524263E-002
  -1.1024264826122120E-003
   2.7887746884005436E-002
   1.8032862634166841E-002
  -4.0363720822164731E-003
  -2.4687993891447657E-002
  -4.1289110423755285E-002
  -5.3597583998684306E-002
  -6.1992271008267853E-002
  -6.7013282877222108E-002
  -6.9053175017017798E-002
  -6.8196429157694777E-002
  -6.4242207634012338E-002
  -5.6851063858512213E-002
  -4.5732062761685406E-002
  -3.0819611806760176E-002
  -1.2424371779284051E-002
   8.6463686145215966E-003
   3.1027189176164538E-002
   5.2824741279529880E-002
   7.1877547783942647E-002
   8.6173084838747901E-002
   9.4318305771541835E-002
   9.5895164621249973E-002
   9.1558281790391813E-002
   8.2846291170392827E-002
   7.1771011081880387E-002
   6.0332201616620729E-002
   5.0088485058946683E-002
   4.1856494724161739E-002
   3.5544753293735909E-002
   3.0045167559907111E-002
   2.3081862399280666E-002
   1.0627723371447552E-002
  -1.0974068846064174E-002
  -1.0974068846064174E-002
   0.0000000000000000     
  -2.2574922777797095E-002
  -3.6866282431966352E-002
  -5.2407644036833644E-002
  -6.9532473865967892E-002
  -8.8917895585570977E-002
 -0.11125984755207091     
 -0.13733636297355262     
 -0.16806774746575054     
 -0.20453013390249153     
 -0.24797662909491450     
 -0.29984933964034594     
 -0.35929147653954652     
 -0.39763489537687569     
 -0.22441635691599926     
 -0.13977600296251727     
 -0.10865647519524856     
  -9.4794599961348203E-002
  -8.2734005867352634E-002
  -7.8695159037379281E-002
  -7.3866831925204823E-002
  -6.8401779082018555E-002
  -6.3145260287576097E-002
  -5.8475889544657766E-002
  -5.4451469205997083E-002
  -5.0835239044933596E-002
  -4.7443574064165286E-002
  -4.5109941756496442E-002
  -3.6489686462452507E-002
   9.9362124492291953E-003
   2.3668578779397851E-002
   3.2449193646046608E-004
  -2.2174099525222819E-002
  -3.8666328046128233E-002
  -4.9566494517828429E-002
  -5.6094237113125375E-002
  -5.9325183571946119E-002
  -5.9923755828264175E-002
  -5.8115070995051386E-002
  -5.3804930041785055E-002
  -4.6764717994080045E-002
  -3.6813243281068622E-002
  -2.3966204530925284E-002
  -8.5506402166633973E-003
   8.7145078182595034E-003
   2.6690080637496536E-002
   4.3862891049896310E-002
   5.8562309757218094E-002
   6.9288853523533173E-002
   7.5072862965261056E-002
   7.5734222240428112E-002
   7.1932069099423041E-002
   6.4981886524542939E-002
   5.6514788721544154E-002
   4.8090306788440430E-002
   4.0859777488041669E-002
   3.5336460314506615E-002
   3.1261386770654445E-002
   2.7487536317725103E-002
   2.1772498301143622E-002
   1.0112691930560358E-002
  -9.9291815826107986E-003
  -9.9291815826107986E-003
   0.0000000000000000     
  -1.8370066465535899E-002
  -2.9882586659973197E-002
  -4.2524764410202184E-002
  -5.6529636038072609E-002
  -7.2472842793009279E-002
  -9.0969302588337617E-002
 -0.11271218488629964     
 -0.13852097106239902     
 -0.16935510878972765     
 -0.20630791711054022     
 -0.25011666511688546     
 -0.29231124628186905     
 -0.25683348190191618     
 -0.15856176265240532     
 -0.10753598533800204     
  -8.2471040411183930E-002
  -7.0030213981501555E-002
  -6.2996427255271104E-002
  -5.9685429417781606E-002
  -5.7114542755719665E-002
  -5.4139488903803094E-002
  -5.0808259217857782E-002
  -4.7469304093674683E-002
  -4.4360110966996297E-002
  -4.1503107048310575E-002
  -3.8773024445129090E-002
  -3.5789777281857803E-002
  -2.9607740752321622E-002
  -1.1071337796537233E-002
   1.0577753213692668E-002
   2.9398817701177938E-003
  -1.7807223232854136E-002
  -3.3200083528361332E-002
  -4.2381854529089588E-002
  -4.7146022752933038E-002
  -4.8903687350268080E-002
  -4.8440113948911900E-002
  -4.6047007609707605E-002
  -4.1713232373957083E-002
  -3.5315201670857159E-002
  -2.6775484234867100E-002
  -1.6179816513071314E-002
  -3.8559810781053356E-003
   9.5813120081875702E-003
   2.3222514642627042E-002
   3.5924437597879937E-002
   4.6476888873562064E-002
   5.3847794160440561E-002
   5.7438736806741886E-002
   5.7256478151070420E-002
   5.3921848650652623E-002
   4.8511640989920141E-002
   4.2290899778933924E-002
   3.6420148705355163E-002
   3.1704984273256312E-002
   2.8417968216126781E-002
   2.6190760006503271E-002
   2.3904912974349272E-002
   1.9464367272949507E-002
   9.2148457956309614E-003
  -8.1239820034988298E-003
  -8.1239820034988298E-003
   0.0000000000000000     
  -1.4121079755153977E-002
  -2.2880944231644981E-002
  -3.2599373364569667E-002
  -4.3412077461756030E-002
  -5.5773101464862807E-002
  -7.0182359451155404E-002
  -8.7201681410398052E-002
 -0.10748958663228565     
 -0.13183792501703248     
 -0.16138756318977426     
 -0.19838752942103255     
 -0.24023892592837812     
 -0.15947397523017875     
 -0.10121208435262312     
  -7.1771069472737536E-002
  -5.8298192097473729E-002
  -5.1306665210604063E-002
  -4.7106097331087053E-002
  -4.4567271636613330E-002
  -4.2605205375685559E-002
  -4.0665047790282814E-002
  -3.8647988185033108E-002
  -3.6604916114754665E-002
  -3.4596220392443616E-002
  -3.2671010913359340E-002
  -3.0886207130424819E-002
  -2.9648272172999982E-002
  -3.0274651067712405E-002
  -2.9636296729411506E-002
   1.1112475255254186E-002
   1.1277454242894348E-002
  -1.2080082065874173E-002
  -2.6144497430008538E-002
  -3.3306529837223139E-002
  -3.6390595309202606E-002
  -3.6939684240988507E-002
  -3.5711520041303284E-002
  -3.3004413562726424E-002
  -2.8872550105946738E-002
  -2.3290656830912807E-002
  -1.6277285540587747E-002
  -7.9776549566516128E-003
   1.2901728336931467E-003
   1.1020211226837157E-002
   2.0527299881098374E-002
   2.9013401758564095E-002
   3.5686912034491522E-002
   3.9931357586331859E-002
   4.1468704538151588E-002
   4.0454002890831550E-002
   3.7454937599291492E-002
   3.3321706974772713E-002
   2.8988754954257852E-002
   2.5265583976984935E-002
   2.2657159392921455E-002
   2.1235041028150770E-002
   2.0556406454389588E-002
   1.9576417589917974E-002
   1.6443449221547765E-002
   8.0907287683536482E-003
  -5.8692721782859806E-003
  -5.8692721782859806E-003
   0.0000000000000000     
  -9.9059233773513174E-003
  -1.5992364847672490E-002
  -2.2830329952649827E-002
  -3.0470541690903144E-002
  -3.9234193574947729E-002
  -4.9485615262981029E-002
  -6.1627713851421406E-002
  -7.6108775878778068E-002
  -9.3385452194366753E-002
 -0.11378723046709914     
 -0.13659178135974975     
 -0.15184283316783775     
 -0.10394514419183710     
  -7.2399950990267983E-002
  -5.3566260997789841E-002
  -4.3210679741333829E-002
  -3.7518244691883099E-002
  -3.4173577905459315E-002
  -3.2092297584252027E-002
  -3.0547316428145302E-002
  -2.9123366539375306E-002
  -2.7714961166661247E-002
  -2.6353156573670093E-002
  -2.5053358684523269E-002
  -2.3802092092575448E-002
  -2.2616634729501352E-002
  -2.1561634899799727E-002
  -2.0427608733271291E-002
  -1.6342980811540512E-002
  -3.0504387076579591E-005
   3.8728898507333809E-003
  -9.6707632526312828E-003
  -1.8874364131709231E-002
  -2.3300273094095346E-002
  -2.4716334035016475E-002
  -2.4245713314035598E-002
  -2.2460606704049001E-002
  -1.9619260328053070E-002
  -1.5827270392800206E-002
  -1.1150636711835266E-002
  -5.6963695851416926E-003
   3.3897145661448535E-004
   6.6534487846711121E-003
   1.2846128155204493E-002
   1.8446466109301316E-002
   2.2972741345689419E-002
   2.6012397404234229E-002
   2.7321395171290293E-002
   2.6905126033635832E-002
   2.5045699592331081E-002
   2.2257685359970060E-002
   1.9183997582932322E-002
   1.6460412603351671E-002
   1.4580015623021542E-002
   1.3777952254134706E-002
   1.3949003065021261E-002
   1.4598109549502731E-002
   1.4785661399636316E-002
   1.2981818032790308E-002
   6.8537417630312979E-003
  -3.3902184827750287E-003
  -3.3902184827750287E-003
   0.0000000000000000     
  -5.7609321136007858E-003
  -9.2670443758170913E-003
  -1.3294590405242328E-002
  -1.7824193839244870E-002
  -2.3038831293315271E-002
  -2.9157425573578113E-002
  -3.6416632568960418E-002
  -4.5060759855513187E-002
  -5.5283455503372589E-002
  -6.7055864938857873E-002
  -7.9498327230575844E-002
  -8.7246867627868888E-002
  -6.0127900945013787E-002
  -4.2108915064608662E-002
  -3.1420974078148964E-002
  -2.5565804976730458E-002
  -2.2378833427446961E-002
  -2.0588202380724382E-002
  -1.9544558523392777E-002
  -1.8793314149922101E-002
  -1.8045382853164742E-002
  -1.7242787987491438E-002
  -1.6470711287504075E-002
  -1.5757091272077098E-002
  -1.5038426541224214E-002
  -1.4284662400396006E-002
  -1.3465028437346727E-002
  -1.2200361065967169E-002
  -9.0159868965295278E-003
  -1.9714919196083111E-003
  -9.1335065370519962E-004
  -7.0414650193314412E-003
  -1.1226779752400823E-002
  -1.2819978556068605E-002
  -1.2645172669309280E-002
  -1.1290780486265660E-002
  -9.0830527493388474E-003
  -6.2176658726896478E-003
  -2.8427670527731022E-003
   8.9011032991544896E-004
   4.7916107415576208E-003
   8.6194252329537448E-003
   1.2088371528084849E-002
   1.4900050935476130E-002
   1.6785595277756360E-002
   1.7555665527629261E-002
   1.7147435782739136E-002
   1.5660465154880093E-002
   1.3361799303771779E-002
   1.0650942148530556E-002
   7.9928115009402865E-003
   5.8371640662166404E-003
   4.5409917905090830E-003
   4.3019284112119256E-003
   5.1044543110848745E-003
   6.6825356101980447E-003
   8.5041106119362244E-003
   9.7567948433839591E-003
   9.2867111028668396E-003
   5.5716321301779300E-003
  -8.2136791288501859E-004
  -8.2136791288501859E-004
   0.0000000000000000     
  -1.6881197170891798E-003
  -2.6918330166195662E-003
  -3.9735227224850893E-003
  -5.4566027196241672E-003
  -7.1842105831380664E-003
  -9.2267175400876679E-003
  -1.1656918011576129E-002
  -1.4537561095682655E-002
  -1.7890400596376043E-002
  -2.1624175367314473E-002
  -2.5334463811948701E-002
  -2.7278317891815274E-002
  -1.8868504997434879E-002
  -1.3458872999500566E-002
  -1.0379353176801599E-002
  -8.8164078814231203E-003
  -8.0871676278409348E-003
  -7.7855221022648594E-003
  -7.6950021682350798E-003
  -7.6469470597745320E-003
  -7.5251869814283784E-003
  -7.3062711852575363E-003
  -7.0429337485679779E-003
  -6.7601985602281419E-003
  -6.4326421679630937E-003
  -6.0518856633901318E-003
  -5.6181811677810658E-003
  -4.9915260779574092E-003
  -3.7839029475465850E-003
  -2.0800721332162927E-003
  -3.0032512333389542E-003
  -3.5420348626512017E-003
  -3.2193170185229572E-003
  -2.1223282980315419E-003
  -4.4860667977807502E-004
   1.7039611712810908E-003
   4.2587075251126717E-003
   7.0888188220328968E-003
   1.0008474838318345E-002
   1.2784695796965895E-002
   1.5148683880491386E-002
   1.6814901910540473E-002
   1.7516118918926869E-002
   1.7052684709075217E-002
   1.5346762255751366E-002
   1.2486632491511860E-002
   8.7430801728558584E-003
   4.5453621114234267E-003
   4.1313139910369780E-004
  -3.1400686721522559E-003
  -5.6977397724808573E-003
  -6.9986468757827795E-003
  -6.9575153707629612E-003
  -5.6632548212374343E-003
  -3.3719620448198462E-003
  -5.0005944475513449E-004
   2.3943227800032538E-003
   4.6410425932527071E-003
   5.4951726417080699E-003
   4.2782462820421807E-003
   1.7700206400822925E-003
   1.7700206400822925E-003
   0.0000000000000000     
   2.3335051575143866E-003
   3.7870113508523496E-003
   5.2121809102154207E-003
   6.7345766156045195E-003
   8.4500159712645496E-003
   1.0436095048825138E-002
   1.2779863771338629E-002
   1.5586395723603128E-002
   1.8966783985617887E-002
   2.2983303026874159E-002
   2.7442325748632652E-002
   3.0643575306756779E-002
   2.1588893744824644E-002
   1.5091683606113937E-002
   1.0780934140566710E-002
   8.0482537390574559E-003
   6.2568597861501762E-003
   5.0206261591708833E-003
   4.1494835678959462E-003
   3.5074371041753597E-003
   2.9946324143422780E-003
   2.5973228742106891E-003
   2.3540809702122575E-003
   2.2495354529095350E-003
   2.2174528734284519E-003
   2.2131576393806997E-003
   2.1903500633978553E-003
   1.9598128147806119E-003
   9.6280941783265109E-004
  -1.9381013444939982E-003
  -4.2620840118646336E-003
   3.8520039107962857E-004
   4.9477593359047341E-003
   8.6214837372369652E-003
   1.1743603276912129E-002
   1.4662702332179787E-002
   1.7539001577239012E-002
   2.0313736530542137E-002
   2.2765462918515892E-002
   2.4581731403973812E-002
   2.5415931530414430E-002
   2.4939833008791098E-002
   2.2903313423764449E-002
   1.9202268661735435E-002
   1.3944640400438814E-002
   7.4916690937023240E-003
   4.4516647497030933E-004
  -6.4354599247152151E-003
  -1.2375699154617384E-002
  -1.6747089774586495E-002
  -1.9184135813445625E-002
  -1.9619502736343233E-002
  -1.8245258981870634E-002
  -1.5439480375444634E-002
  -1.1697074282186217E-002
  -7.5792542648631320E-003
  -3.6622952376240076E-003
  -4.6409608709396615E-004
   1.6949836490683747E-003
   2.9883514482697653E-003
   4.3545502274637861E-003
   4.3545502274637861E-003
   0.0000000000000000     
   6.3345449763132760E-003
   1.0239940505997946E-002
   1.4365445401215430E-002
   1.8884124486577496E-002
   2.4027828204638543E-002
   3.0018744979715840E-002
   3.7100589838793128E-002
   4.5547167867661692E-002
   5.5624070550408508E-002
   6.7455009241045694E-002
   8.0500976454502465E-002
   9.0006934248345549E-002
   6.3824019851688008E-002
   4.4827574498820744E-002
   3.2745248878875116E-002
   2.5519926637007820E-002
   2.1091045670899450E-002
   1.8224107390713409E-002
   1.6303307675561186E-002
   1.4903198368276921E-002
   1.3748809416527877E-002
   1.2779989361494638E-002
   1.2042645774307985E-002
   1.1513282526635383E-002
   1.1086935343727356E-002
   1.0689781162857138E-002
   1.0238989188402443E-002
   9.3113857445499808E-003
   6.1934589088480634E-003
  -2.4719757262721626E-003
  -6.2790904986257008E-003
   4.2178519454963764E-003
   1.3048585909682404E-002
   1.9268432325287712E-002
   2.3846831268568063E-002
   2.7556058009609412E-002
   3.0775485978326585E-002
   3.3509823945616322E-002
   3.5502182832716112E-002
   3.6361121341864193E-002
   3.5661836142958529E-002
   3.3031821730481421E-002
   2.8235640133331918E-002
   2.1262556117329277E-002
   1.2406334721376075E-002
   2.3061157862597119E-003
  -8.0952133458469123E-003
  -1.7693291297128360E-002
  -2.5444633127100956E-002
  -3.0599522399973655E-002
  -3.2848643891607292E-002
  -3.2334076633583474E-002
  -2.9544327362845461E-002
  -2.5162060204494095E-002
  -1.9928556704923821E-002
  -1.4549369772073219E-002
  -9.6131945304271018E-003
  -5.4793605806143899E-003
  -2.0429295437743925E-003
   1.7102431079142875E-003
   6.9156596629888238E-003
   6.9156596629888238E-003
   0.0000000000000000     
   1.0343436598058590E-002
   1.6729716076526756E-002
   2.3576122550218889E-002
   3.1106896886496864E-002
   3.9684544056685936E-002
   4.9668857296598687E-002
   6.1455408944122054E-002
   7.5494505308762200E-002
   9.2266147123981568E-002
  0.11218998553696080     
  0.13503196007862281     
  0.15328399635010437     
  0.11068895984923155     
   7.7309293151814715E-002
   5.6568293415646315E-002
   4.4447713698230688E-002
   3.7154363579565933E-002
   3.2444661780613636E-002
   2.9276735193539315E-002
   2.6967928402128333E-002
   2.5124013343773972E-002
   2.3597354406380985E-002
   2.2329398962004473E-002
   2.1255911617194263E-002
   2.0311739335932642E-002
   1.9464307000357162E-002
   1.8737395636756492E-002
   1.7889554973976110E-002
   1.3288885101147188E-002
  -7.1624589588776448E-003
  -9.4394012101061894E-003
   7.9308125726597831E-003
   2.0931995770223408E-002
   2.9646703200006459E-002
   3.5728993566998081E-002
   4.0306454041815896E-002
   4.3940450053654323E-002
   4.6688140036205382E-002
   4.8255398985455243E-002
   4.8171006947051592E-002
   4.5929812223370385E-002
   4.1111198369114484E-002
   3.3490171558662830E-002
   2.3147419822125863E-002
   1.0566125066467627E-002
  -3.3242012867151990E-003
  -1.7218285453629016E-002
  -2.9636289255980979E-002
  -3.9238319874413168E-002
  -4.5138016867010342E-002
  -4.7086933767061440E-002
  -4.5460892191684414E-002
  -4.1078915733382085E-002
  -3.4959437501469480E-002
  -2.8109592127985944E-002
  -2.1385152751950701E-002
  -1.5383947903087811E-002
  -1.0303705767969688E-002
  -5.6287617732732123E-003
   4.5973057395479411E-004
   9.4218572158496182E-003
   9.4218572158496182E-003
   0.0000000000000000     
   1.4372615621929197E-002
   2.3289496576985879E-002
   3.2887516737782327E-002
   4.3449690558869533E-002
   5.5460469077026439E-002
   6.9404305716239637E-002
   8.5815757950734206E-002
  0.10531593968819811     
  0.12863319946289734     
  0.15674801363107249     
  0.19151381078516608     
  0.23161342847299865     
  0.17614523655645217     
  0.11120650954425745     
   7.8814981530934691E-002
   6.2299636412357910E-002
   5.2710822570921828E-002
   4.6555671829611733E-002
   4.2471505571097266E-002
   3.9464476887427082E-002
   3.7049684975907188E-002
   3.5005286940310312E-002
   3.3170391349342840E-002
   3.1454553186846500E-002
   2.9845973035267204E-002
   2.8374972703994888E-002
   2.7491183818216271E-002
   2.8511979289578507E-002
   2.5739548734940120E-002
  -2.8203600935985777E-002
  -9.3355195832895560E-003
   1.2618571724609253E-002
   2.8552028079869281E-002
   3.9482175054246040E-002
   4.7116573402534195E-002
   5.2693863151257729E-002
   5.6872109063295317E-002
   5.9736706446468293E-002
   6.0951739617844843E-002
   5.9964584262345744E-002
   5.6186148841418482E-002
   4.9141609192488750E-002
   3.8609734707979640E-002
   2.4759160665983132E-002
   8.2665126035629706E-003
  -9.6327879847123987E-003
  -2.7238617345027479E-002
  -4.2652368162753543E-002
  -5.4193394575456348E-002
  -6.0808931038782862E-002
  -6.2308984116005127E-002
  -5.9331726633023080E-002
  -5.3075885464019375E-002
  -4.4946514005223828E-002
  -3.6253313997660470E-002
  -2.8017526938464869E-002
  -2.0847670619567049E-002
  -1.4780923968699990E-002
  -8.9225494619908224E-003
  -7.2569739455776144E-004
   1.1798599084674313E-002
   1.1798599084674313E-002
   0.0000000000000000     
   1.8406828144944851E-002
   2.9901883269422232E-002
   4.2266031208391085E-002
   5.5849154654918395E-002
   7.1244242428373114E-002
   8.9038635806023975E-002
  0.10987787131773068     
  0.13451018357279393     
  0.16378809504838471     
  0.19865908698552187     
  0.23990241903283399     
  0.28246691344075059     
  0.26632662616271796     
  0.17369767902354827     
  0.11988677071795871     
   9.0600024782750532E-002
   7.4377430157680474E-002
   6.4826126619099381E-002
   5.9058499863773879E-002
   5.4767769778203516E-002
   5.1166923633019903E-002
   4.7987733006980775E-002
   4.5065298903391116E-002
   4.2319290780851962E-002
   3.9738585874949897E-002
   3.7222297532564626E-002
   3.4116270107154269E-002
   2.7062473499757288E-002
   3.6038886305237499E-003
  -1.9581395555663218E-002
  -2.8722795121325596E-003
   1.8380523268140346E-002
   3.5550686835935805E-002
   4.8263094011627788E-002
   5.7494661658361708E-002
   6.4261499827276358E-002
   6.9185205255586954E-002
   7.2337422500931239E-002
   7.3332233954353079E-002
   7.1533931488413513E-002
   6.6265271584245944E-002
   5.6989168683951735E-002
   4.3478273391474871E-002
   2.5981653765130244E-002
   5.3698335906278202E-003
  -1.6802542251947019E-002
  -3.8402467356397844E-002
  -5.7059494516465720E-002
  -7.0691484066905300E-002
  -7.8030056265012429E-002
  -7.8924358445615489E-002
  -7.4295620321611577E-002
  -6.5779751201236691E-002
  -5.5240940622349050E-002
  -4.4351682522542964E-002
  -3.4332827951016685E-002
  -2.5815247527310209E-002
  -1.8684108088908021E-002
  -1.1715382092554393E-002
  -1.7736935482067925E-003
   1.3902129831629074E-002
   1.3902129831629074E-002
   0.0000000000000000     
   2.2394370022807617E-002
   3.6481326277352233E-002
   5.1576750557481843E-002
   6.8100167556045532E-002
   8.6732977490213137E-002
  0.10813312775551706     
  0.13301481057403697     
  0.16219988673974128     
  0.19661035030346038     
  0.23725074291453779     
  0.28516276667499746     
  0.34001073859312425     
  0.38145676061673461     
  0.26706979183688884     
  0.16362861656489999     
  0.12032232577213872     
  0.10076203238615863     
   8.7384461857308457E-002
   7.9585831448053868E-002
   7.2754266466443993E-002
   6.6879923299473121E-002
   6.2029310309866907E-002
   5.7866488470623346E-002
   5.4072358157994271E-002
   5.0538230524978675E-002
   4.7738139489118300E-002
   4.5096094732115510E-002
   3.1699979362746628E-002
  -3.0296881434887079E-002
  -1.9073731840329171E-002
   2.2793678426321945E-003
   2.3115878304505434E-002
   4.0899128755930117E-002
   5.5109309385367684E-002
   6.6021727349259429E-002
   7.4232739110329071E-002
   8.0186803346937230E-002
   8.3883400531363672E-002
   8.4873429270511586E-002
   8.2437199280703616E-002
   7.5805997718033452E-002
   6.4371489959763356E-002
   4.7886866937272246E-002
   2.6667706114207084E-002
   1.7708629747283868E-003
  -2.4923507881279373E-002
  -5.0815603188730595E-002
  -7.3008072998639373E-002
  -8.8949179711110382E-002
  -9.7088584184923013E-002
  -9.7270525458729259E-002
  -9.0690816737270849E-002
  -7.9466438284902879E-002
  -6.6001730937862491E-002
  -5.2420885811411605E-002
  -4.0212608903931982E-002
  -3.0064857666718615E-002
  -2.1735143117922691E-002
  -1.3737839862925661E-002
  -2.5680744762270735E-003
   1.5501668350131703E-002
   1.5501668350131703E-002
   0.0000000000000000     
   2.6243032966617143E-002
   4.2864292019020062E-002
   6.0571190495051538E-002
   7.9843351691421954E-002
  0.10142148631631409     
  0.12599060677281138     
  0.15427641383659496     
  0.18710550053231101     
  0.22539942297921989     
  0.27018072900312440     
  0.32261251941302027     
  0.38381346823911339     
  0.44768229693131883     
  0.44233927261595102     
  0.27448010911053311     
  0.14398974962948830     
  0.12856339484742205     
  0.12171438589211570     
  0.12641479293164046     
  0.10788008519616260     
   8.9777925269307252E-002
   7.7567677535719873E-002
   6.9414132651933580E-002
   6.3269858608069163E-002
   5.8648667010935629E-002
   5.5841468797973880E-002
   4.3353040410253230E-002
  -1.9688973217182378E-002
  -2.6711390909846120E-002
  -1.2369042499651157E-002
   6.5388718847249590E-003
   2.5686531487040302E-002
   4.3462656731036081E-002
   5.8887226853479281E-002
   7.1545634142089115E-002
   8.1482730650861979E-002
   8.8821993972452495E-002
   9.3410398914220441E-002
   9.4711035802973631E-002
   9.1918476288587930E-002
   8.4171516022973472E-002
   7.0782675330975972E-002
   5.1470167168971653E-002
   2.6595038493749997E-002
  -2.6182134917084213E-003
  -3.3967709279481811E-002
  -6.4366209103991420E-002
  -9.0347749068379418E-002
 -0.10883550448013210     
 -0.11793489828264202     
 -0.11741906955304296     
 -0.10871153909861536     
  -9.4392121505865942E-002
  -7.7453246495188824E-002
  -6.0574711597232114E-002
  -4.5624060541374266E-002
  -3.3428341549409490E-002
  -2.3678438850437050E-002
  -1.4714594249224403E-002
  -2.9542393134499812E-003
   1.6290179189550200E-002
   1.6290179189550200E-002
   0.0000000000000000     
   2.9822987686486477E-002
   4.8813191556931451E-002
   6.8896047803602117E-002
   9.0583542829703934E-002
  0.11463640698174447     
  0.14171334721222359     
  0.17248095390795215     
  0.20768111287817037     
  0.24812420758227144     
  0.29471111827620511     
  0.34850899174439470     
  0.41095292049979926     
  0.48285693067509405     
  0.54677641653023112     
  0.55822253810197220     
  0.36044531327698703     
  0.14879293786243158     
   1.3571010358484362E-002
  0.15838613913513933     
  0.15029894477585479     
  0.11976404449938828     
  0.10316936207940620     
   9.2996829521345234E-002
   8.6156339023363254E-002
   8.1258468116934823E-002
   6.0205098638261817E-002
  -2.5223504901587177E-002
  -2.8701924298723105E-002
  -1.9749443415193170E-002
  -6.6510495325308025E-003
   8.7221099583754107E-003
   2.5474811824209971E-002
   4.2512895773961779E-002
   5.8628777830996154E-002
   7.2868193006459470E-002
   8.4678262416818639E-002
   9.3725412426733865E-002
   9.9591062151974136E-002
  0.10159694727366464     
   9.8838661108418727E-002
   9.0360976787936864E-002
   7.5392186081981255E-002
   5.3601279293460938E-002
   2.5369189582669163E-002
  -7.9429235510979981E-003
  -4.3821711119513780E-002
  -7.8697267581937513E-002
 -0.10852389132232965     
 -0.12967883832909732     
 -0.13990221639747441     
 -0.13885444888961979     
 -0.12809460134293868     
 -0.11056388071956594     
  -8.9790395798654471E-002
  -6.9054262483528472E-002
  -5.0729868188480048E-002
  -3.5931842143844456E-002
  -2.4417482273421977E-002
  -1.4478623678731982E-002
  -2.7749941736875628E-003
   1.5955510572085954E-002
   1.5955510572085954E-002
   0.0000000000000000     
   3.2978848866382846E-002
   5.4039338416052296E-002
   7.6130512032605194E-002
   9.9748731863158330E-002
  0.12562719490601676     
  0.15434133200035530     
  0.18642403402128660     
  0.22243391521989345     
  0.26293187263452067     
  0.30847535206172605     
  0.35962762064234566     
  0.41698127366107307     
  0.48118262577192566     
  0.54900538093964513     
  0.60451123975054999     
  0.57498597001429053     
  0.54617167035816228     
  0.56955529533038940     
  0.12026921221985332     
   5.2985856196622237E-002
  0.10146809734377002     
  0.10656877201957742     
   8.1418257414613740E-002
   4.1653940350547869E-002
  -1.8964794694773315E-002
  -1.1625752648644936E-002
  -1.8709615335515510E-002
  -1.6414239761262633E-002
  -9.7971094471785460E-003
  -8.2195721113534847E-004
   1.0438572507849467E-002
   2.3914753022524021E-002
   3.8993077897503357E-002
   5.4612933191685670E-002
   6.9586463528428510E-002
   8.2866619974757777E-002
   9.3591742489762403E-002
  0.10094408675721427     
  0.10399877025111712     
  0.10169943857909097     
   9.2977914608948803E-002
   7.6970850902096474E-002
   5.3287417753232945E-002
   2.2303316950714688E-002
  -1.4523124424551516E-002
  -5.4386599890132475E-002
  -9.3270742657630162E-002
 -0.12658499882074437     
 -0.15020743769710210     
 -0.16155126355234856     
 -0.16017094914099747     
 -0.14770471287927339     
 -0.12730438367457303     
 -0.10283738697100822     
  -7.8061884178705132E-002
  -5.5897787844127425E-002
  -3.7921151197930339E-002
  -2.4181531565424297E-002
  -1.3130485822766463E-002
  -1.9494564371060731E-003
   1.4337057356022097E-002
   1.4337057356022097E-002
   0.0000000000000000     
   3.5551565452878242E-002
   5.8245836369037726E-002
   8.1852615934675715E-002
  0.10678809835093436     
  0.13370878672661185     
  0.16305875108826795     
  0.19518034380408550     
  0.23038091393597776     
  0.26888951324287053     
  0.31081883178633052     
  0.35612314469463546     
  0.40451787634222613     
  0.45545683345957477     
  0.50756184305966012     
  0.55696660989697067     
  0.58367710328217182     
  0.59330877242505287     
  0.58900507659228085     
  0.42085919136658184     
  0.29230352608121607     
  0.21779621954410369     
  0.16658872165796451     
  0.12289892723219092     
   8.1766662821157771E-002
   4.3523910373908424E-002
   2.4151519314677440E-002
   1.3889169758263781E-002
   9.9492728289195254E-003
   9.9995320001497866E-003
   1.2902379967664992E-002
   1.8488578618859983E-002
   2.6822789277386683E-002
   3.7690443704032447E-002
   5.0416417786258591E-002
   6.3940561109396415E-002
   7.7011651793343266E-002
   8.8343736259550928E-002
   9.6657436249563800E-002
  0.10065088480461062     
   9.8999893978517980E-002
   9.0450637207698359E-002
   7.4011175912423594E-002
   4.9213445362524609E-002
   1.6403234172490316E-002
  -2.2902862259803390E-002
  -6.5666108991785599E-002
 -0.10749290908717568     
 -0.14334310365136541     
 -0.16870892428717499     
 -0.18078815691188399     
 -0.17910827565299028     
 -0.16539399383480660     
 -0.14289329041774426     
 -0.11555600855200271     
  -8.7307700674395125E-002
  -6.1426108928554587E-002
  -3.9996431567623968E-002
  -2.3602057059459006E-002
  -1.1167353642025738E-002
  -5.8253031495885722E-004
   1.1643109808489351E-002
   1.1643109808489351E-002
   0.0000000000000000     
   3.7407416141726921E-002
   6.1183731469567987E-002
   8.5722965679032342E-002
  0.11128927194352474     
  0.13842160956050403     
  0.16740800190576988     
  0.19838369324996410     
  0.23140224964206024     
  0.26638729397894972     
  0.30309070348286016     
  0.34105564709695746     
  0.37956400082590647     
  0.41760591233519762     
  0.45384281639898749     
  0.48673800129238626     
  0.51213629752796819     
  0.52531485536123235     
  0.52284214231651405     
  0.48319405160130235     
  0.42448762683915753     
  0.36301384301719891     
  0.30479944341727516     
  0.25097323873948163     
  0.20182025259257513     
  0.15826847953320899     
  0.12258510952277110     
   9.4844992327314484E-002
   7.4352598925281899E-002
   6.0098298116594007E-002
   5.1097464970026651E-002
   4.6596986621246984E-002
   4.6075015786560383E-002
   4.9091745159117704E-002
   5.5097204045597863E-002
   6.3287219571767903E-002
   7.2553078902916013E-002
   8.1516580476537426E-002
   8.8606262344699788E-002
   9.2141564089441186E-002
   9.0431683641940985E-002
   8.1917884084294540E-002
   6.5382676212754759E-002
   4.0220506591941110E-002
   6.6976879319645098E-003
  -3.3666685449276715E-002
  -7.7691801874703634E-002
 -0.12073084387355701     
 -0.15748167021839587     
 -0.18326633800083536     
 -0.19524860075875461     
 -0.19303243984825300     
 -0.17845290715089199     
 -0.15479856362138164     
 -0.12592030471056276     
  -9.5573624529613432E-002
  -6.7007468320657765E-002
  -4.2592416494150451E-002
  -2.3497745213192596E-002
  -9.4247349665553710E-003
   9.6098017308601661E-004
   8.5979804113152630E-003
   8.5979804113152630E-003
   0.0000000000000000     
   3.8467008860929061E-002
   6.2706969107128169E-002
   8.7562578203657454E-002
  0.11307864167418172     
  0.13965257244645357     
  0.16742217851605914     
  0.19634463134194233     
  0.22628043932961606     
  0.25695679259294713     
  0.28794536317306096     
  0.31865749832074158     
  0.34834559177233104     
  0.37611862003109964     
  0.40097608735851864     
  0.42195864147544421     
  0.43813048744298405     
  0.44786721976150878     
  0.44956774224790591     
  0.44209050585918558     
  0.42493894135107058     
  0.39970492927171097     
  0.36874765467581855     
  0.33426581621941492     
  0.29817034575374446     
  0.26218913435311386     
  0.22777556755646464     
  0.19602968658295947     
  0.16768889430373654     
  0.14318953194231140     
  0.12274860719064795     
  0.10643306267567076     
   9.4195366869518210E-002
   8.5871901949387056E-002
   8.1152770612661199E-002
   7.9529519779215102E-002
   8.0226218632449345E-002
   8.2135608304886892E-002
   8.3799334237035644E-002
   8.3464472313273530E-002
   7.9223721143339199E-002
   6.9229166881566717E-002
   5.1974013889892694E-002
   2.6623820192361269E-002
  -6.7422494842270201E-003
  -4.6655750954578953E-002
  -8.9932270907549308E-002
 -0.13192478370537805     
 -0.16740557231006470     
 -0.19186153920791751     
 -0.20265510841562479     
 -0.19954512530656343     
 -0.18443371131923839     
 -0.16056708245285989     
 -0.13160270075994057     
 -0.10094170524168411     
  -7.1462230284983400E-002
  -4.5424308706184163E-002
  -2.4321315192323008E-002
  -8.6845569708259625E-003
   2.1414036179952501E-003
   6.2731463691862513E-003
   6.2731463691862513E-003
   0.0000000000000000     
   3.8724986703782202E-002
   6.2808452304779896E-002
   8.7398369587992297E-002
  0.11226760792423982     
  0.13766718510652420     
  0.16361577866970570     
  0.18995115988973343     
  0.21643026622307301     
  0.24270986025448851     
  0.26834632968998928     
  0.29281691771898405     
  0.31554935862901701     
  0.33595798794881282     
  0.35348369359096682     
  0.36764813932771845     
  0.37815477444401480     
  0.38478541270819078     
  0.38734342438409941     
  0.38615378831504688     
  0.38130522776909664     
  0.37273964342238786     
  0.36051306119980503     
  0.34489942041581823     
  0.32638564302776479     
  0.30562584879408694     
  0.28334239304988784     
  0.26026773038321949     
  0.23710830289308743     
  0.21451934069240375     
  0.19308640854287412     
  0.17330450572547429     
  0.15555013858619299     
  0.14005160948420081     
  0.12686813236481428     
  0.11587950411335142     
  0.10676935398769040     
   9.8980158098776583E-002
   9.1644104802033138E-002
   8.3535749823715505E-002
   7.3111442191902437E-002
   5.8678100070375730E-002
   3.8705673380819372E-002
   1.2194682283581866E-002
  -2.0937001684689205E-002
  -5.9314268429768183E-002
  -9.9996165002463569E-002
 -0.13873760628010770     
 -0.17084747115798743     
 -0.19237347099449253     
 -0.20110406836049144     
 -0.19698020194325655     
 -0.18184925451001221     
 -0.15875452288109998     
 -0.13106237902071227     
 -0.10177763599542133     
  -7.3289967659883784E-002
  -4.7463511626480048E-002
  -2.5718523572881562E-002
  -9.1242901868218377E-003
   2.5538208067628866E-003
   5.4724720745802698E-003
   5.4724720745802698E-003
   0.0000000000000000     
   3.8253303573719283E-002
   6.1624525031788113E-002
   8.5459945608632001E-002
  0.10922801586337115     
  0.13304328083671629     
  0.15684734759808977     
  0.18042205864607477     
  0.20350140728562749     
  0.22576478391501262     
  0.24684842892173481     
  0.26637540273634097     
  0.28398745023505023     
  0.29937399269392218     
  0.31229568846488936     
  0.32259876370965646     
  0.33023339735741419     
  0.33525724417218128     
  0.33779585458108474     
  0.33808238752902869     
  0.33637350328921056     
  0.33284372892032288     
  0.32757098331956813     
  0.32057603339186092     
  0.31187354283984997     
  0.30151349387064874     
  0.28960190516189027     
  0.27630620338814893     
  0.26185429124346116     
  0.24652760813952898     
  0.23064674714493122     
  0.21454646203111774     
  0.19853842291740104     
  0.18286676909660701     
  0.16766921577202842     
  0.15295587736441674     
  0.13860420370167525     
  0.12435155143386792     
  0.10976657405188046     
   9.4206289420931039E-002
   7.6798602423695461E-002
   5.6505012863050895E-002
   3.2326284050974013E-002
   3.5593691359116358E-003
  -2.9675358600086292E-002
  -6.6107326782713652E-002
 -0.10321405166708239     
 -0.13748469321058346     
 -0.16514076213625889     
 -0.18308251386896651     
 -0.18965667240677522     
 -0.18495925854427916     
 -0.17065038546286448     
 -0.14940828820522692     
 -0.12419949236872387     
  -9.7628419935717664E-002
  -7.1642336742221258E-002
  -4.7659511806503282E-002
  -2.6779474503293738E-002
  -1.0180722947352379E-002
   2.2335158226223259E-003
   6.1256821364649577E-003
   6.1256821364649577E-003
   0.0000000000000000     
   3.7187232475137784E-002
   5.9407215029950951E-002
   8.2130869775315696E-002
  0.10450995923263744     
  0.12653977271290029     
  0.14812381058639931     
  0.16903744325213571     
  0.18904374410439184     
  0.20789090115102390     
  0.22532443675181235     
  0.24111345839823017     
  0.25507318702543569     
  0.26707948461416342     
  0.27707506242157232     
  0.28506706220708877     
  0.29111833080852545     
  0.29533739918154789     
  0.29786246692383667     
  0.29884637622085986     
  0.29844663607287858     
  0.29680624686399576     
  0.29403984968721414     
  0.29022624684408882     
  0.28540991595562776     
  0.27961004034796011     
  0.27283300595759635     
  0.26508463448752867     
  0.25638093753230462     
  0.24675622028891125     
  0.23626652103835660     
  0.22498536459975366     
  0.21298895866271716     
  0.20033129400153965     
  0.18701585017925576     
  0.17297489855497739     
  0.15806366732413785     
  0.14206530541226992     
  0.12469429070257371     
  0.10559248165816298     
   8.4330382923425207E-002
   6.0447219340266797E-002
   3.3563480272220884E-002
   3.5819220418589451E-003
  -2.9034554211887092E-002
  -6.3014576646002296E-002
  -9.6236685609369169E-002
 -0.12596324070972037     
 -0.14937500095377040     
 -0.16423134221598190     
 -0.16938918275773046     
 -0.16501937242441672     
 -0.15251188808353394     
 -0.13410652697534109     
 -0.11231687110412822     
  -8.9347972570673576E-002
  -6.6780057761089459E-002
  -4.5666283416488644E-002
  -2.6759015915296877E-002
  -1.1047899881789423E-002
   1.5875407035933621E-003
   7.4241683374080139E-003
   7.4241683374080139E-003
   0.0000000000000000     
   3.5699836865568574E-002
   5.6475695910309140E-002
   7.7874622923610345E-002
   9.8736585294356999E-002
  0.11895555452391113     
  0.13842474057026866     
  0.15694202319155037     
  0.17432228968472022     
  0.19039247968665285     
  0.20499847681347805     
  0.21802320066953984     
  0.22939877760714916     
  0.23910996864407991     
  0.24719042116492559     
  0.25371368106328118     
  0.25878086257198757     
  0.26250765714664365     
  0.26501259510882402     
  0.26640673356380962     
  0.26678739009419561     
  0.26623486410374358     
  0.26481407676659185     
  0.26257562262734369     
  0.25955638363097105     
  0.25578091090074973     
  0.25126326842031538     
  0.24600883813736943     
  0.24001571567044544     
  0.23327543454900884     
  0.22577253023814758     
  0.21748189849253882     
  0.20836244665530518     
  0.19834632149598080     
  0.18732580236415255     
  0.17514344691208214     
  0.16159175872263351     
  0.14642443790276741     
  0.12937546186449925     
  0.11018185032294268     
   8.8611660176596024E-002
   6.4513799627352458E-002
   3.7893691788460145E-002
   9.0573817077014927E-003
  -2.1281079594102609E-002
  -5.1892477908502592E-002
  -8.1017433566168098E-002
 -0.10656502686294769     
 -0.12648006515775048     
 -0.13916301905063647     
 -0.14380150432282304     
 -0.14054498746294197     
 -0.13049774031756486     
 -0.11548131545714774     
  -9.7569988734593466E-002
  -7.8579222014426631E-002
  -5.9768302789676452E-002
  -4.1911778346548759E-002
  -2.5497692655027035E-002
  -1.1240259658232119E-002
   1.0324166804719895E-003
   8.5403405993353804E-003
   8.5403405993353804E-003
   0.0000000000000000     
   3.3974076760324684E-002
   5.3164022231949243E-002
   7.3160468301287432E-002
   9.2509641234294102E-002
  0.11101973112829422     
  0.12858898444520311     
  0.14504901980666587     
  0.16026893745410667     
  0.17414497126072676     
  0.18660045557426752     
  0.19759622686355888     
  0.20713530259472446     
  0.21526017384786991     
  0.22204521385868742     
  0.22758657276251754     
  0.23199138403638653     
  0.23536769703516877     
  0.23781618704981694     
  0.23942401467014096     
  0.24026096765870786     
  0.24037762908302740     
  0.23980752986819615     
  0.23857011837405301     
  0.23667346744011675     
  0.23411718508339663     
  0.23089506740975158     
  0.22699694828113393     
  0.22240926260310329     
  0.21711396677842229     
  0.21108560157658474     
  0.20428638582466579     
  0.19665932398245747     
  0.18811971006228864     
  0.17854651495879970     
  0.16777682046491924     
  0.15560745328883011     
  0.14180692610123569     
  0.12613807567983548     
  0.10839010412445152     
   8.8419363419945773E-002
   6.6202156043081578E-002
   4.1900875951117217E-002
   1.5939025368783930E-002
  -1.0916891534730341E-002
  -3.7569252322628366E-002
  -6.2600529954333531E-002
  -8.4421331786064549E-002
 -0.10150773454934756     
 -0.11266391618692245     
 -0.11725256515225933     
 -0.11536550092641262     
 -0.10787195472942654     
  -9.6244052598987079E-002
  -8.2156070388336597E-002
  -6.7045281986111538E-002
  -5.1870991159499918E-002
  -3.7186337122702230E-002
  -2.3306315084325339E-002
  -1.0720876855709228E-002
   7.5845197763815039E-004
   9.0957407171647735E-003
   9.0957407171647735E-003
   0.0000000000000000     
   3.2180184286082471E-002
   4.9779652694987644E-002
   6.8408740204872365E-002
   8.6347462957063997E-002
  0.10333112377295141     
  0.11926881904357570     
  0.13402576688757897     
  0.14751734973818242     
  0.15969298603690013     
  0.17053004934812105     
  0.18003866875005781     
  0.18826195013618330     
  0.19527058104904199     
  0.20115453932652397     
  0.20601404408764351     
  0.20995109781575999     
  0.21306237891163582     
  0.21543380515706154     
  0.21713679320534682     
  0.21822603144046904     
  0.21873832232227955     
  0.21869375937786706     
  0.21809785197717124     
  0.21694343675551014     
  0.21521294076259018     
  0.21288086396431935     
  0.20991612908761981     
  0.20628386813126720     
  0.20194616794148154     
  0.19686132053079425     
  0.19098125581286399     
  0.18424710417842535     
  0.17658331417106007     
  0.16789149845117654     
  0.15804614882820736     
  0.14689516111718115     
  0.13426811187003995     
  0.11999425775314537     
  0.10393073611702820     
   8.6000669312994396E-002
   6.6239307604486403E-002
   4.4846610286532619E-002
   2.2236613248566676E-002
  -9.2850400873510175E-004
  -2.3728467947261547E-002
  -4.5043830510044465E-002
  -6.3655626067030166E-002
  -7.8394876057771373E-002
  -8.8318884998705771E-002
  -9.2903904896834699E-002
  -9.2218603957367848E-002
  -8.6977356305255438E-002
  -7.8370941809447620E-002
  -6.7708000252715977E-002
  -5.6062476145521678E-002
  -4.4114793418769734E-002
  -3.2241397092149321E-002
  -2.0654362836980182E-002
  -9.7119960321138121E-003
   7.5167934480588003E-004
   9.1177500388980072E-003
   9.1177500388980072E-003
   0.0000000000000000     
   3.0461662291496425E-002
   4.6578761863714561E-002
   6.3961632120074358E-002
   8.0658239534270232E-002
   9.6342274855698018E-002
  0.11093399716516511     
  0.12432669984206443     
  0.13647089496195147     
  0.14735330130688024     
  0.15698636392915236     
  0.16540950948508149     
  0.17268705223509401     
  0.17890196452422974     
  0.18414812028882346     
  0.18852277400388157     
  0.19212015086418854     
  0.19502646236119053     
  0.19731632313295111     
  0.19905039065318944     
  0.20027400512608085     
  0.20101642396926828     
  0.20129139662254891     
  0.20109870308397726     
  0.20042532268892285     
  0.19924679494374070     
  0.19752886875900899     
  0.19522932013601013     
  0.19229974606731404     
  0.18868706766705426     
  0.18433442121426599     
  0.17918112828573901     
  0.17316156600628826     
  0.16620305407005292     
  0.15822334725612416     
  0.14912893689535081     
  0.13881598940834569     
  0.12717607259039362     
  0.11410865411650056     
   9.9541496406114344E-002
   8.3459075351058939E-002
   6.5937189401507668E-002
   4.7180229043019092E-002
   2.7556060730889287E-002
   7.6111752228911261E-003
  -1.1915880314377018E-002
  -3.0142501978231182E-002
  -4.6109744373030281E-002
  -5.8886874282050139E-002
  -6.7716793625556923E-002
  -7.2195996072306506E-002
  -7.2426712334170001E-002
  -6.9029509437149819E-002
  -6.2954917702746666E-002
  -5.5174326835143034E-002
  -4.6429874799166479E-002
  -3.7162932620628281E-002
  -2.7620377507499932E-002
  -1.7961933504202558E-002
  -8.4915087443061914E-003
   9.1205763327081618E-004
   8.8050999078694951E-003
   8.8050999078694951E-003
   0.0000000000000000     
   2.8930503346551895E-002
   4.3758200850502520E-002
   6.0076308478135929E-002
   7.5739472248611453E-002
   9.0370574680610882E-002
  0.10389894378031272     
  0.11623894721523312     
  0.12736562910161239     
  0.13729005552882972     
  0.14604598923471362     
  0.15368912467727938     
  0.16029395641137170     
  0.16594756195342159     
  0.17074270506860989     
  0.17477167961471923     
  0.17812141866339715     
  0.18086990547743750     
  0.18308369868105170     
  0.18481632708291976     
  0.18610735594964470     
  0.18698179032287204     
  0.18745022577637360     
  0.18751004337858138     
  0.18714617418273066     
  0.18633194162882083     
  0.18503016926888821     
  0.18319452942209533     
  0.18077106395768952     
  0.17769976435073515     
  0.17391605554601158     
  0.16935201579477066     
  0.16393721575018760     
  0.15759919722708604     
  0.15026385221591937     
  0.14185630651100736     
  0.13230330384455385     
  0.12153838362016951     
  0.10951119058526898     
   9.6201858729240905E-002
   8.1640665590928294E-002
   6.5931894048780748E-002
   4.9279139100033974E-002
   3.2008616309333313E-002
   1.4581726784311496E-002
  -2.4014624247296330E-003
  -1.8222303781562886E-002
  -3.2097547235692525E-002
  -4.3269985462611092E-002
  -5.1148725916051005E-002
  -5.5470918775652751E-002
  -5.6402515913865879E-002
  -5.4490484124452128E-002
  -5.0464287029961974E-002
  -4.4994616942981222E-002
  -3.8547376852573048E-002
  -3.1383179259219594E-002
  -2.3667078157604177E-002
  -1.5540118722948866E-002
  -7.2963834120739340E-003
   1.1357319362456492E-003
   8.3645378095453457E-003
   8.3645378095453457E-003
   0.0000000000000000     
   2.7670126294364168E-002
   4.1460551983530124E-002
   5.6934300700105647E-002
   7.1794456343077961E-002
   8.5624062987391100E-002
   9.8358796901813941E-002
  0.10992755021260404     
  0.12032130548963438     
  0.12956600078533645     
  0.13770753416382531     
  0.14480994572499806     
  0.15095190858989996     
  0.15622080982357053     
  0.16070664179189106     
  0.16449687155153009     
  0.16767258078616817     
  0.17030575191957179     
  0.17245743949183331     
  0.17417657280874066     
  0.17549923268721804     
  0.17644812568967991     
  0.17703242594783064     
  0.17724874843724886     
  0.17708167654569076     
  0.17650430724319743     
  0.17547905050979770     
  0.17395870553333079     
  0.17188780336777512     
  0.16920417698333209     
  0.16584068904458113     
  0.16172703396115568     
  0.15679155228935682     
  0.15096306039833920     
  0.14417282374078391     
  0.13635699497901083     
  0.12746006259852746     
  0.11744005037678804     
  0.10627623343373697     
   9.3979944259654016E-002
   8.0608582440392373E-002
   6.6282253701041932E-002
   5.1201489100068720E-002
   3.5663778203753410E-002
   2.0075155421756509E-002
   4.9529277342193192E-003
  -9.0876234166730931E-003
  -2.1382619058320583E-002
  -3.1315429878879926E-002
  -3.8453121992851162E-002
  -4.2671108902600799E-002
  -4.4187786731914099E-002
  -4.3467481144516269E-002
  -4.1037153413847192E-002
  -3.7322024504394452E-002
  -3.2585121877902828E-002
  -2.6969514036633124E-002
  -2.0597628544940232E-002
  -1.3609904618614183E-002
  -6.3068068340519350E-003
   1.3411741615114020E-003
   7.9586872425718505E-003
   7.9586872425718505E-003
   0.0000000000000000     
   2.6742065756003911E-002
   3.9785863535825132E-002
   5.4659196065461810E-002
   6.8957090543896829E-002
   8.2234050710892986E-002
   9.4429541798851713E-002
  0.10548147348715570     
  0.11539026980363512     
  0.12419020599645422     
  0.13193353691449400     
  0.13868818725489343     
  0.14453415312361759     
  0.14955788418899207     
  0.15384674112893654     
  0.15748453175884092     
  0.16054827730712345     
  0.16310600152942714     
  0.16521525574501839     
  0.16692213399827077     
  0.16826065830714199     
  0.16925229739959494     
  0.16990560415893791     
  0.17021707170818465     
  0.17017154083509212     
  0.16974258572451398     
  0.16889314279570480     
  0.16757643038319331     
  0.16573718157008963     
  0.16331319221252363     
  0.16023716068812233     
  0.15643877787549457     
  0.15184702794003396     
  0.14639268810297074     
  0.14001108540254414     
  0.13264528857252683     
  0.12425005122112423     
  0.11479694763431367     
  0.10428114223789547     
   9.2730124883998108E-002
   8.0214512189569626E-002
   6.6860697149789650E-002
   5.2864705023411444E-002
   3.8506098402309563E-002
   2.4159522905626583E-002
   1.0297942046428513E-002
  -2.5245731227606953E-003
  -1.3730397896654294E-002
  -2.2820994225069290E-002
  -2.9496778584871798E-002
  -3.3733983140030184E-002
  -3.5765083642081572E-002
  -3.5961945374351670E-002
  -3.4686486805880608E-002
  -3.2191555331387761E-002
  -2.8614028702629621E-002
  -2.4033396282874736E-002
  -1.8554860256864390E-002
  -1.2325078727389509E-002
  -5.6500330048269267E-003
   1.4689180174041097E-003
   7.7062437191849622E-003
   7.7062437191849622E-003
   0.0000000000000000     
   2.6190063585850035E-002
   3.8802116566834813E-002
   5.3333354925675834E-002
   6.7314691429519846E-002
   8.0284091669627744E-002
   9.2182733362537544E-002
  0.10295298117432002     
  0.11259979116063241     
  0.12116128966057906     
  0.12869253671577541     
  0.13526301689292783     
  0.14095301917937419     
  0.14584818637902880     
  0.15003427026478150     
  0.15359300651746272     
  0.15659918916628873     
  0.15911870328789463     
  0.16120722183561906     
  0.16290932675981834     
  0.16425795953509043     
  0.16527398723467845     
  0.16596571876105648     
  0.16632972440048926     
  0.16635120093273939     
  0.16600428315223059     
  0.16525258396147763     
  0.16405002386415060     
  0.16234199191067225     
  0.16006686573208134     
  0.15715789209507730     
  0.15354540482807064     
  0.14915934768779576     
  0.14393207606167954     
  0.13780145055073395     
  0.13071432606612449     
  0.12263063960883620     
  0.11352838409832666     
  0.10340976633146168     
   9.2308790657800871E-002
   8.0300440996392913E-002
   6.7511561634130746E-002
   5.4133399802216375E-002
   4.0435224413597814E-002
   2.6776258313762943E-002
   1.3607955741598943E-002
   1.4479419820363551E-003
  -9.1811495579632446E-003
  -1.7864340829693539E-002
  -2.4381720905642341E-002
  -2.8749834384132748E-002
  -3.1180665478208254E-002
  -3.1970394000203101E-002
  -3.1380063315239209E-002
  -2.9572118116863676E-002
  -2.6624998051617901E-002
  -2.2593307185881879E-002
  -1.7578766536929254E-002
  -1.1735656471314136E-002
  -5.3697726876963288E-003
   1.4952615170291813E-003
   7.6545794397625249E-003
   7.6545794397625249E-003
   0.0000000000000000     
   2.6035580591510531E-002
   3.8551569104579492E-002
   5.3008507723684074E-002
   6.6919672686245837E-002
   7.9822663206951819E-002
   9.1659049104065221E-002
  0.10237163339027194     
  0.11196595577848788     
  0.12048066755508097     
  0.12797119921461420     
  0.13450719542402720     
  0.14016887604929537     
  0.14504161269453739     
  0.14921074279377700     
  0.15275751360984033     
  0.15575622018691376     
  0.15827228916079969     
  0.16036101230412750     
  0.16206669063544638     
  0.16342210237697530     
  0.16444807975645806     
  0.16515295796751728     
  0.16553340079506057     
  0.16557476305630764     
  0.16525137782316920     
  0.16452706683462787     
  0.16335594186072783     
  0.16168354547280647     
  0.15944836581079208     
  0.15658373194350741     
  0.15302006812293445     
  0.14868747182739911     
  0.14351858195223285     
  0.13745173551768880     
  0.13043449515300676     
  0.12242772385312820     
  0.11341046273105930     
  0.10338589143531486     
   9.2388621699657725E-002
   8.0493558852520408E-002
   6.7826543581605572E-002
   5.4576853826838481E-002
   4.1010984918235745E-002
   2.7484742524316503E-002
   1.4446649711767432E-002
   2.4041867513167085E-003
  -8.1315438380897189E-003
  -1.6777303577642334E-002
  -2.3323149375915796E-002
  -2.7777869829010256E-002
  -3.0336233040668639E-002
  -3.1273999113200474E-002
  -3.0833348076506673E-002
  -2.9162933307026902E-002
  -2.6333779384203282E-002
  -2.2398599805741944E-002
  -1.7460582663891801E-002
  -1.1677142960907515E-002
  -5.3543088221748580E-003
   1.4797633853379281E-003
   7.6855092053945894E-003
   7.6855092053945894E-003
   0.0000000000000000     
   2.6344546580189539E-002
   3.9052664029090134E-002
   5.3658202127667594E-002
   6.7709710172793855E-002
   8.0745520132303669E-002
   9.2706417621009868E-002
  0.10353432895836809     
  0.11323362654277695     
  0.12184191176607714     
  0.12941387421693662     
  0.13601883836182846     
  0.14173716230945302     
  0.14665476006352021     
  0.15085779773578600     
  0.15442849942508510     
  0.15744215814566370     
  0.15996511741498956     
  0.16205343136711062     
  0.16375196288419031     
  0.16509381669320555     
  0.16609989471289885     
  0.16677847955459568     
  0.16712604800591796     
  0.16712763880917114     
  0.16675718848129198     
  0.16597810108832739     
  0.16474410586757338     
  0.16300043834853803     
  0.16068536565337060     
  0.15773205224664719     
  0.15407074153320682     
  0.14963122354819242     
  0.14434557017112623     
  0.13815116558377910     
  0.13099415697924222     
  0.12283355536454421     
  0.11364630546559402     
  0.10343364122760849     
   9.2228959615944017E-002
   8.0107323140265418E-002
   6.7196579686655919E-002
   5.3689945777594270E-002
   3.9859463908959884E-002
   2.6067774103209384E-002
   1.2769261771430455E-002
   4.9169721275600176E-004
  -1.0230755277836770E-002
  -1.8951378081744744E-002
  -2.5440292435368887E-002
  -2.9721798939255240E-002
  -3.2025097915747869E-002
  -3.2666788887205728E-002
  -3.1926778553971746E-002
  -2.9981302926700450E-002
  -2.6916216719032521E-002
  -2.2788014566021815E-002
  -1.7696950409966706E-002
  -1.1794169981720757E-002
  -5.3852365532177995E-003
   1.5107596487204345E-003
   7.6236496741304604E-003
   7.6236496741304604E-003
   0.0000000000000000     
   2.5726614602831523E-002
   3.8050474180068850E-002
   5.2358813319700555E-002
   6.6129635199697820E-002
   7.8899806281599968E-002
   9.0611680587120574E-002
  0.10120893782217580     
  0.11069828501419880     
  0.11911942334408479     
  0.12652852421229177     
  0.13299555248622594     
  0.13860058978913772     
  0.14342846532555456     
  0.14756368785176799     
  0.15108652779459555     
  0.15407028222816382     
  0.15657946090660982     
  0.15866859324114438     
  0.16038141838670245     
  0.16175038806074504     
  0.16279626480001727     
  0.16352743638043887     
  0.16394075358420318     
  0.16402188730344414     
  0.16374556716504643     
  0.16307603258092834     
  0.16196777785388228     
  0.16036665259707492     
  0.15821136596821356     
  0.15543541164036764     
  0.15196939471266208     
  0.14774372010660580     
  0.14269159373333948     
  0.13675230545159850     
  0.12987483332677130     
  0.12202189234171218     
  0.11317461999652458     
  0.10333814164302123     
   9.2548283783371432E-002
   8.0879794564775398E-002
   6.8456507476555226E-002
   5.5463761876082693E-002
   4.2162505927511605E-002
   2.8901710945423622E-002
   1.6124037652104409E-002
   4.3166762898774157E-003
  -6.0323323983426675E-003
  -1.4603229073539923E-002
  -2.1206006316462706E-002
  -2.5833940718765273E-002
  -2.8647368165589410E-002
  -2.9881209339195219E-002
  -2.9739917599041599E-002
  -2.8344563687353354E-002
  -2.5751342049374043E-002
  -2.2009185045462072E-002
  -1.7224214917816897E-002
  -1.1560115940094273E-002
  -5.3233810911319165E-003
   1.4487671219554216E-003
   7.7473687366587185E-003
   7.7473687366587185E-003
