    3270.230    
    3328.170    
    3323.040    
    3188.250    
    3334.660    
    3342.230    
    3321.320    
    3295.820    
    3265.160    
    3259.530    
    3404.330    
    3372.940    
    3213.620    
    3360.060    
    3416.480    
    3360.230    
    3216.590    
    3279.080    
    3235.480    
    3330.240    
    3287.410    
    3832.470    
    3328.210    
    3287.610    
    3323.190    
    3399.100    
    3361.130    
    3341.580    
    3242.100    
    3339.740    
