    3175.730    
    3481.820    
    3236.110    
    3352.670    
    3448.790    
    3351.440    
    3465.690    
    3375.540    
    3205.210    
    3305.940    
    3335.650    
    3310.400    
    3198.870    
    3246.410    
    3297.830    
    3336.790    
    3287.480    
    3277.110    
    3370.280    
    3223.190    
    3417.940    
    3810.530    
    3379.110    
    3232.360    
    3663.390    
    3309.670    
    3248.970    
    3284.380    
    3427.290    
    3148.550    
