    3274.610    
    3293.110    
    3278.980    
    3274.040    
    3275.990    
    3329.050    
    3264.170    
    3480.420    
    3409.900    
    3913.290    
    3304.600    
    3244.000    
    3346.940    
    3385.640    
    3295.630    
    3253.540    
    3360.510    
    3219.690    
    3340.590    
    3303.580    
    3260.250    
    3371.670    
    3341.110    
    3222.520    
    3368.030    
    3313.950    
    3295.630    
    3341.050    
    3133.110    
    3348.410    
