    3319.890    
    3362.050    
    3381.790    
    3340.730    
    3350.690    
    4072.140    
    3342.570    
    3818.320    
    3297.490    
    3278.850    
    3305.020    
    3327.900    
    3235.650    
    3320.220    
    3278.690    
    3350.280    
    3252.300    
    3251.340    
    3308.390    
    3324.980    
    3349.820    
    3401.100    
    3205.080    
    3145.230    
    3367.400    
    3860.750    
    3213.540    
    3333.940    
    3343.970    
    3242.500    
