    3273.370    
    3291.680    
    3264.470    
    3284.430    
    3424.250    
    3442.290    
    3387.430    
    3424.600    
    3818.510    
    3337.070    
    3298.840    
    3257.770    
    3343.030    
    3243.100    
    3432.710    
    3405.400    
    3346.600    
    3817.790    
    3244.080    
    3360.090    
    3284.700    
    3371.880    
    3175.950    
    3252.590    
    3264.200    
    3350.630    
    3439.780    
    3495.870    
    3343.810    
    3281.960    
