    3268.840    
    3149.490    
    3943.730    
    3155.740    
    3737.690    
    3295.830    
    3280.970    
    3385.760    
    3273.890    
    3297.410    
    3303.330    
    3226.790    
    3099.180    
    3341.740    
    3363.360    
    3280.550    
    3347.180    
    3254.780    
    3270.570    
    3371.280    
    3353.490    
    3441.220    
    3300.290    
    3191.590    
    3871.860    
    3243.240    
    3293.660    
    3996.870    
    3264.100    
    3229.250    
