    3740.750    
    3732.940    
    3787.600    
    3713.250    
    3725.990    
    3709.420    
    3710.330    
    3673.260    
    3720.480    
    3740.400    
    3711.530    
    3718.100    
    3691.680    
    3699.380    
    3703.010    
    3641.120    
    3695.240    
    3665.010    
    3673.300    
    3694.790    
    3700.340    
    3692.690    
    3678.520    
    3722.740    
    3662.900    
    3715.430    
    3710.530    
    3781.340    
    3706.750    
    3742.430    
