    3758.760    
    3719.490    
    3711.830    
    3673.050    
    3659.700    
    3689.900    
    3687.070    
    3682.380    
    3735.600    
    3637.010    
    3717.330    
    3697.000    
    3666.090    
    3738.050    
    3677.410    
    3651.010    
    3661.640    
    3623.180    
    3695.020    
    3751.210    
    3740.580    
    3756.870    
    3678.760    
    3825.230    
    3713.430    
    3664.220    
    3695.960    
    3748.970    
    3649.790    
    3714.340    
