    3672.770    
    3709.690    
    3674.630    
    3661.900    
    3722.390    
    3676.930    
    3761.770    
    3753.300    
    3692.730    
    3770.820    
    3705.480    
    3723.250    
    3701.900    
    3750.310    
    3693.850    
    3798.260    
    3658.480    
    3714.210    
    3716.080    
    3621.690    
    3735.100    
    3729.980    
    3698.700    
    3698.960    
    3611.380    
    3681.070    
    3607.550    
    3684.760    
    3689.730    
    3667.470    
