    3716.980    
    3751.270    
    3688.810    
    3744.220    
    3642.510    
    3708.180    
    3661.100    
    3712.750    
    3681.390    
    3776.310    
    3665.420    
    3741.280    
    3734.000    
    3715.620    
    3656.960    
    3766.270    
    3734.110    
    3716.920    
    3739.610    
    3666.410    
    3647.950    
    3672.050    
    3707.980    
    3696.700    
    3687.750    
    3718.620    
    3879.390    
    3703.420    
    3668.970    
    3719.730    
