    3676.600    
    3798.350    
    3671.080    
    3783.940    
    3705.150    
    3674.380    
    3618.310    
    3633.960    
    3651.220    
    3727.070    
    3717.010    
    3660.900    
    3743.570    
    3658.290    
    3658.950    
    3696.200    
    3715.800    
    3661.750    
    3750.490    
    3668.260    
    3739.270    
    3723.030    
    3748.710    
    3710.720    
    3761.090    
    3700.610    
    3650.890    
    3618.620    
    3782.170    
    3707.980    
