    3725.690    
    3585.330    
    3668.340    
    3695.860    
    3758.750    
    3760.530    
    3736.580    
    3697.580    
    3785.430    
    3672.330    
    3760.190    
    3671.060    
    3793.220    
    3695.480    
    3739.290    
    3656.680    
    3766.720    
    3765.310    
    3784.230    
    3661.840    
    3762.330    
    3628.880    
    3622.590    
    3648.710    
    3668.340    
    3689.450    
    3935.550    
    3747.940    
    3723.710    
    3695.410    
